463
1 1
2 2
4 4
8 8
16 16
32 32
64 64
128 128
256 256
512 512
1024 1024
2048 2048
4096 4096
8192 8192
16384 16384
32768 32768
65536 65536
131072 131072
2 1
262144 3
262144 7
262144 15
262144 31
262144 63
262144 127
262144 639
262144 4735
262144 12927
262144 29311
262144 94847
262144 225919
488063 488063
976126 976126
31 15
1952252 46
1952252 174
1952252 1198
1952252 9390
1952252 25774
1952252 91310
1952252 222382
1952252 484526
1952252 972589
1952252 1948715
4 2
3900967 6
3900967 52
3900967 308
3900967 9698
3900967 75234
3900967 206306
46 3
4107273 49
4107273 113
4107273 1137
4107273 3185
4107273 12883
4107273 107730
8 6
4215003 14
4215003 188
4215003 827
4215003 9019
4215003 140091
4215003 1116217
32 2
5331220 34
5331220 1232
5331220 10930
5331220 151021
5331220 639084
34 6
5970304 40
5970304 168
5970304 995
5970304 76229
5970304 564292
40 3
6534596 43
6534596 4778
6534596 155799
6534596 417943
46 1
6952539 47
6952539 111
6952539 419
6952539 29730
6952539 1981982
3185 188
8934521 3373
8934521 68909
8934521 331053
49 40
9265574 89
9265574 601
9265574 10299
9265574 150390
9265574 1266607
89 7
10532181 96
10532181 4874
10532181 21258
10532181 54026
10532181 316170
49 1
10848351 50
10848351 469
10848351 5343
10848351 211649
10848351 1478256
512 111
12326607 623
12326607 3996
12326607 20380
12326607 53148
12326607 384201
50 7
12710808 57
12710808 569
12710808 1801
12710808 7144
12710808 233063
12710808 872147
995 995
13582955 1990
13582955 133062
13582955 1611318
308 40
15194273 348
15194273 10046
15194273 42814
15194273 304958
15194273 1916276
569 31
17110549 600
17110549 5943
17110549 139005
17110549 1750323
8 3
18860872 11
18860872 267
18860872 8459
18860872 51273
18860872 923420
47 1
19784292 48
19784292 396
19784292 6339
19784292 49153
19784292 688237
111 14
20472529 125
20472529 9515
20472529 117245
127 11
20589774 138
20589774 1370
20589774 66906
20589774 631198
16 2
21220972 18
21220972 4114
21220972 36882
21220972 1303489
21220972 3285471
96 14
24506443 110
24506443 749
24506443 7893
24506443 125138
24506443 1101264
52 4
25607707 56
25607707 695
25607707 2743
25607707 127881
25607707 1606137
308 18
27213844 326
27213844 2374
27213844 39256
27213844 1650574
9515 569
28864418 10084
28864418 986210
28864418 2968192
57 4
31832610 61
31832610 1293
31832610 96140
31832610 1574396
138 7
33407006 145
33407006 5488
33407006 693725
52 34
34100731 86
34100731 2829
34100731 490892
11 2
34591623 13
34591623 1037
34591623 67943
34591623 1718517
308 8
36310140 316
36310140 54342
36310140 6024646
5343 47
42334786 5390
42334786 81619
42334786 1559875
1137 89
43894661 1226
43894661 17610
8 2
43912271 10
43912271 198
43912271 6141
43912271 113871
43912271 1100081
198 31
45012352 229
45012352 1599
45012352 332652
86 2
45345004 88
45345004 2136
45345004 15063
45345004 347715
749 32
45692719 781
45692719 11711
45692719 167510
601 138
45860229 739
45860229 21997
45860229 189507
138 6
46049736 144
46049736 5632
46049736 48446
46049736 742171
46049736 2724153
326 8
48773889 334
48773889 16718
48773889 507610
3185 88
49281499 3273
49281499 25270
49281499 1977522
256 7
51259021 263
51259021 7407
51259021 147498
469 7
51406519 476
51406519 21734
168 11
51428253 179
51428253 1980
51428253 14907
51428253 522517
57 3
51950770 60
51950770 8519
51950770 880666
64 10
52831436 74
52831436 20454
52831436 282598
52831436 2264580
601 1
55096016 602
55096016 222984
55096016 2487564
10046 31
57583580 10077
57583580 199584
1293 46
57783164 1339
57783164 40595
57783164 782766
188 32
58565930 220
58565930 1590
58565930 77819
58565930 1381308
198 18
59947238 216
59947238 2352
59947238 208658
59947238 2473238
256 6
62420476 262
62420476 4376
62420476 137438
62420476 2402018
827 11
64822494 838
64822494 22835
64822494 407036
1980 127
65229530 2107
65229530 19717
65229530 367432
10046 89
65596962 10135
65596962 394336
6141 2743
65991298 8884
65991298 291482
4376 601
66282780 4977
66282780 47791
66282780 2449809
569 52
68732589 621
68732589 22618
7407 16
68755207 7423
68755207 312381
742171 1037
69067588 743208
144 63
69810796 207
69810796 11918
69810796 1315407
18 4
71126203 22
71126203 370
71126203 33138
71126203 555655
3185 995
71681858 4180
71681858 85799
71681858 2350379
267 14
74032237 281
74032237 3110
74032237 28884
74032237 446827
74 2
74479064 76
74479064 2819
74479064 94129
1137 49
74573193 1186
74573193 263330
370 43
74836523 413
74836523 7836
74836523 163635
781 13
75000158 794
75000158 7133
75000158 993343
198 3
75993501 201
75993501 151222
145 6
76144723 151
76144723 1750
76144723 14677
76144723 461504
1599 168
76606227 1767
76606227 126905
76606227 2108887
77819 25270
78715114 103089
78715114 1096432
1232 1024
79811546 2256
79811546 45070
48773889 31832610
413 50
80606499 463
80606499 75697
263 3
80682196 266
80682196 4642
80682196 204226
207 34
80886422 241
80886422 447068
1293 16
81333490 1309
81333490 18919
81333490 1497175
569 15
82830665 584
82830665 631782
396 10
83462447 406
83462447 39662
18 3
83502109 21
83502109 67964
83502109 2049946
2107 74
85552055 2181
85552055 80000
85552055 862766
3273 63
86414821 3336
86414821 36474
86414821 1152691
10299 1767
87567512 12066
87567512 379498
8884 2
87947010 8886
87947010 531403
2829 60
88478413 2889
88478413 32619
28884 4096
88511032 32980
4 1
88544012 5
88544012 1191
88544012 881857
179 6
89425869 185
89425869 19104
89425869 1285711
52 3
90711580 55
90711580 972644
2256 348
91684224 2604
91684224 135666
113 4
91819890 117
91819890 9632
91819890 500524
89 5
92320414 94
92320414 32862
2889 623
92353276 3512
92353276 410548
64 5
92763824 69
92763824 7213
92763824 61555
92763824 1214246
267 1
93978070 268
93978070 48059
93978070 971479
1801 2
94949549 1803
94949549 224787
7893 3512
95174336 11405
95174336 2979597
94 1
98153933 95
98153933 13022
98153933 1624340
