2984
1 1
2 2
4 4
8 8
16 16
32 32
64 64
128 128
256 256
512 512
1024 1024
2048 2048
4096 4096
8192 8192
16384 16384
32 16
32768 48
32768 112
32768 240
32768 752
32768 1776
32768 5872
32768 14064
32768 30448
63216 63216
16 2
126432 18
126432 82
126432 210
126432 466
126432 1490
126432 3538
126432 11730
126432 44498
126432 107714
234146 234146
468292 468292
4 1
936584 5
936584 37
936584 165
936584 421
936584 1445
936584 13175
936584 57673
936584 291819
936584 760111
18 4
1696695 22
1696695 1467
1696695 9659
1696695 243805
1696695 712097
64 1
2408792 65
2408792 321
2408792 9980
2408792 26364
2408792 89580
64 4
2498372 68
2498372 580
2498372 4676
2498372 49174
2498372 340993
8 4
2839365 12
2839365 60
2839365 572
2839365 8764
2839365 242910
1490 1445
3082275 2935
3082275 29299
3082275 155731
165 5
3238006 170
3238006 3105
3238006 19489
3238006 145921
3238006 1842616
16 5
5080622 21
5080622 773
5080622 6645
5080622 347638
5080622 1284222
2 1
6364844 3
6364844 11733
6364844 771844
68 8
7136688 76
7136688 397
7136688 7042
7136688 39810
7136688 976394
210 76
8113082 286
8113082 4962
8113082 112676
8113082 1396898
8 1
9509980 9
9509980 31
9509980 159
9509980 3094
9509980 35862
9509980 327681
68 37
9837661 105
9837661 685
9837661 7727
9837661 120403
4962 68
9958064 5030
9958064 160761
773 240
10118825 1013
10118825 12746
10118825 75962
10118825 1052356
82 1
11171181 83
11171181 11816
11171181 138248
11171181 606540
5030 1445
11777721 6475
11777721 55649
11777721 523941
170 68
12301662 238
12301662 3343
12301662 47841
12301662 1890457
5 1
14192119 6
14192119 518
14192119 14582
14192119 104162
14192119 876006
1024 22
15068125 1046
15068125 15628
240 9
15083753 249
15083753 8441
15083753 134873
512 21
15218626 533
15218626 49707
15218626 517999
256 128
15736625 384
15736625 13130
15736625 340811
397 105
16077436 502
16077436 5532
16077436 881538
2935 1046
16958974 3981
16958974 23470
16958974 960054
76 2
17919028 78
17919028 1124
17919028 20613
17919028 3258619
159 4
21177647 163
21177647 2211
21177647 34979
21177647 195740
286 128
21373387 414
21373387 3952
21373387 116628
22 5
21490015 27
21490015 3979
21490015 159710
21490015 1556608
27 1
23046623 28
23046623 198
23046623 468490
37 9
23515113 46
23515113 8238
23515113 97818
23515113 445456
256 5
23960569 261
23960569 2472
23960569 46970
23960569 1743665
23960569 5002284
170 8
28962853 178
28962853 2650
28962853 714747
8192 3094
29677600 11286
29677600 255091
198 112
29932691 310
29932691 5842
29932691 353480
29932691 2243937
502 165
32176628 667
32176628 16295
32176628 952879
105 4
33129507 109
33129507 2320
33129507 78282
33129507 1362504
178 18
34492011 196
34492011 3301
34492011 521300
512 384
35013311 896
35013311 15478
35013311 539419
6 1
35552730 7
35552730 1131
35552730 64347
35552730 417827
523941 29299
35970557 553240
1776 22
36523797 1798
36523797 22411
36523797 375891
1024 76
36899688 1100
36899688 348738
65 2
37248426 67
37248426 30515
37248426 191276
37248426 3030641
83 4
40279067 87
40279067 2737
40279067 60410
40279067 2899775
32768 22411
43178842 55179
43178842 1031573
384 2
44210415 386
44210415 6258
44210415 261349
44210415 2151806
9 2
46362221 11
46362221 1787
46362221 59460
46362221 1949917
896 21
48312138 917
48312138 10897
48312138 1901354
210 2
50213492 212
50213492 5242
50213492 131674
1100 76
50345166 1176
50345166 136049
1798 67
50481215 1865
50481215 32380
50481215 1008774
580 67
51489989 647
51489989 58320
51489989 2210126
261 12
53700115 273
53700115 15901
53700115 369381
286 7
54069496 293
54069496 5825
54069496 333506
580 27
54403002 607
54403002 29906
54403002 2240032
256 2
56643034 258
56643034 5500
56643034 95080
128 8
56738114 136
56738114 10116
56738114 427943
502 5
57166057 507
57166057 23977
57166057 315796
249 22
57481853 271
57481853 4947
57481853 83229
57481853 855073
9659 196
58336926 9855
58336926 301674
112 5
58638600 117
58638600 1397015
198 1
60035615 199
60035615 1689
60035615 28053
60035615 1425068
321 2
61460683 323
61460683 11609
61460683 365089
68 5
61825772 73
61825772 1249
61825772 17633
61825772 1049206
12 1
62874978 13
62874978 1878
62874978 85107
62874978 1641715
466 28
64516693 494
64516693 64841
64516693 1117197
1100 9
65633890 1109
65633890 65950
128 4
65699840 132
65699840 16033
65699840 1378537
580 9
67078377 589
67078377 12405
67078377 867478
323 22
67945855 345
67945855 14409
67945855 459865
1467 198
68405720 1665
68405720 32180
68405720 1084536
345 4
69490256 349
69490256 26713
69490256 908251
3343 1490
70398507 4833
70398507 296652
59460 258
70695159 59718
70695159 2558090
117 7
73253249 124
73253249 14706
2320 9
73267955 2329
73267955 62739
73267955 834583
9659 48
74102538 9707
74102538 325503
572 32
74428041 604
74428041 24581
74428041 906119
397 8
75334160 405
75334160 4501
75334160 130933
349 31
75465093 380
75465093 3918
75465093 101736
34979 19489
75566829 54468
75566829 661008
165 1
76227837 166
76227837 3509
76227837 81791
261 4
76309628 265
76309628 876271
1787 8
77185899 1795
77185899 910046
607 132
78095945 739
78095945 15445
78095945 676453
1176 28
78772398 1204
78772398 17588
78772398 178349
46 1
78950747 47
78950747 1736
78950747 46234
78950747 652774
9855 258
79603521 10113
79603521 671121
604 165
80274642 769
80274642 20258
80274642 573498
16295 9659
80848140 25954
80848140 797798
310 65
81645938 375
81645938 10491
81645938 534432
5842 310
82180370 6152
82180370 887690
15901 212
83068060 16113
83068060 211853
466 9
83279913 475
83279913 21088
83279913 489578
87 16
83769491 103
83769491 12508
83769491 1064864
132 21
84834355 153
84834355 4249
84834355 238395
647 6
85072750 653
85072750 13828
85072750 389719
136 5
85462469 141
85462469 28194
141 8
85490663 149
85490663 116777
917 6
85607440 923
85607440 102659
1798 109
85710099 1907
85710099 106069
512 3
85816168 515
85816168 146436
85816168 1263633
3979 159
87079801 4138
87079801 680591
32180 32
87760392 32212
87760392 1982129
517999 44498
89742521 562497
421 68
90305018 489
90305018 30395
90305018 291744
647 5
90596762 652
90596762 23063
90596762 737810
667 8
91334572 675
91334572 156406
199 28
91490978 227
91490978 6099
91490978 395818
227 5
91886796 232
91886796 7274
91886796 425101
105 2
92311897 107
92311897 7834
92311897 453290
2048 212
92765187 2260
92765187 714357
2472 109
93479544 2581
93479544 42391
93479544 1159588
6258 3538
94639132 9796
94639132 478286
2260 32
95117418 2292
95117418 51999
4138 141
95169417 4279
95169417 130711
249 3
95300128 252
95300128 138500
739 6
95438628 745
95438628 36607
4947 32
95475235 4979
95475235 886517
178 6
96361752 184
96361752 20442
96361752 735189
293 47
97096941 340
97096941 6985
97096941 721732
2737 1490
97818673 4227
97818673 130659
1865 293
97949332 2158
97949332 883696
3509 13
98833028 3522
98833028 164283
23470 384
98997311 23854
98997311 795698
795698 166
99793009 795864
917 78
100588873 995
100588873 52994
7727 375
100641867 8102
100641867 309776
494 7
100951643 501
100951643 539920
3918 5
101491563 3923
101491563 1645638
2158 82
103137201 2240
103137201 80522
501 132
103217723 633
103217723 735822
1109 48
103953545 1157
103953545 490735
653 73
104444280 726
104444280 52725
4676 141
104497005 4817
104497005 183166
1100 512
104680171 1612
104680171 91192
104680171 2335129
15478 252
107015300 15730
107015300 787574
1795 32
107802874 1827
107802874 883365
2935 8
108686239 2943
108686239 94135
5825 87
108780374 5912
108780374 720659
1467 68
109501033 1535
109501033 2241567
5532 166
111742600 5698
111742600 152134
19489 7
111894734 19496
60 3
111914230 63
111914230 21151
111914230 997545
667 6
112911775 673
112911775 15379
112911775 951963
1157 166
113863738 1323
113863738 563820
5242 2292
114427558 7534
114427558 467399
1612 149
114894957 1761
114894957 461626
7834 165
115356583 7999
115356583 614539
23854 3522
115971122 27376
115971122 1311598
1878 271
117282720 2149
117282720 197889
4676 405
117480609 5081
117480609 458371
7274 1798
117938980 9072
117938980 572892
117 5
118511872 122
118511872 340933
380 83
118852805 463
118852805 12279
118852805 552199
769 321
119405004 1090
119405004 563587
4501 64
119968591 4565
119968591 839148
1157 421
120807739 1578
120807739 1745243
11286 2240
122552982 13526
122552982 973580
11609 18
123526562 11627
123526562 1436695
11733 1109
124963257 12842
124963257 210731
760111 49707
125173988 809818
752 117
125983806 869
125983806 29063
125983806 1774306
2737 18
127758112 2755
127758112 87862
127758112 1247450
405 7
129005562 412
129005562 82203
129005562 1241791
4962 1736
130247353 6698
130247353 424525
1131 5
130671878 1136
2211 323
130673014 2534
130673014 200423
1046 31
130873437 1077
130873437 67027
130873437 1226615
87 11
132100052 98
132100052 20711
132100052 1765954
4227 5
133866006 4232
133866006 357712
2943 105
134223718 3048
134223718 542968
5532 76
134766686 5608
134766686 982002
12279 1878
135748688 14157
2211 2
135762845 2213
135762845 128645
15478 122
135891490 15600
11733 502
135907090 12235
135907090 972289
518 11
136879379 529
136879379 798327
752 3
137677706 755
137677706 201178
1795 47
137878884 1842
137878884 199731
227 1
138078615 228
138078615 13754
138078615 441697
1665 11
138520312 1676
138520312 114352
60410 607
138634664 61017
117 4
138695681 121
138695681 1031694
5698 184
139727375 5882
139727375 1317480
2048 124
141044855 2172
141044855 714269
1736 7
141759124 1743
141759124 158149
19489 5842
141917273 25331
141917273 1109867
47 11
143027140 58
143027140 11344
143027140 1408359
143027140 4666978
1204 13
147694118 1217
147694118 41027
147694118 1358507
896 18
149052625 914
149052625 1264547
4817 124
150317172 4941
150317172 301593
32180 11
150618765 32191
150618765 646730
240 1
151265495 241
151265495 310017
997545 19496
151575512 1017041
2149 153
152592553 2302
152592553 303976
345 28
152896529 373
152896529 1052729
4249 28
153949258 4277
153949258 1114144
14157 773
155063402 14930
155063402 1332410
1467 11
156395812 1478
156395812 648208
923 5
157044020 928
157044020 1312526
1689 46
158356546 1735
158356546 57384
529 1
158413930 530
158413930 183696
158413930 2741786
14582 386
161155716 14968
161155716 824786
161155716 5905408
2737 178
167061124 2915
167061124 542835
2650 8
167603959 2658
167603959 812476
2581 121
168416435 2702
168416435 576200
170 7
168992635 177
168992635 14005
168992635 178288
2581 271
169170923 2852
169170923 299504
23977 5
169470427 23982
169470427 1866598
11286 22
171337025 11308
171337025 272657
2240 1490
171609682 3730
171609682 610270
20442 64
172219952 20506
172219952 511241
1217 16
172731193 1233
172731193 544201
3105 149
173275394 3254
173275394 609794
13175 380
173885188 13555
173885188 628094
145921 5
174513282 145926
10116 7274
174659208 17390
174659208 1791696
27376 2650
176450904 30026
1217 68
176480930 1285
176480930 370666
421 37
176851596 458
176851596 676911
177528507 130933
1490 60
177659440 1550
177659440 245355
10491 739
177904795 11230
607 12
177916025 619
177916025 982621
14064 375
178898646 14439
178898646 1098975
200423 240
179997621 200663
3105 11
180198284 3116
180198284 464742
180198284 3723361
4565 166
183921645 4731
183921645 957610
15600 1735
184879255 17335
184879255 1134532
228 2
186013787 230
186013787 12738
186013787 922784
3254 184
186936571 3438
186936571 187134
9980 414
187123705 10394
494 3
187134099 497
187134099 184193
13175 4
187318292 13179
187318292 1345589
1865 68
188663881 1933
188663881 118710
14409 2329
188782591 16738
8192 105
188799329 8297
188799329 253652
170 6
189052981 176
189052981 23239
189052981 1307461
529 18
190360442 547
190360442 348185
2292 261
190708627 2553
190708627 1439248
15379 2172
192147875 17551
192147875 593751
10491 5
192741626 10496
192741626 386387
5081 37
193128013 5118
193128013 400936
5532 18
193528949 5550
193528949 144050
8297 112
193672999 8409
193672999 896099
8297 6985
194569098 15282
194569098 1965199
1776 349
196534297 2125
196534297 466867
2302 1090
197001164 3392
197001164 276049
9980 466
197277213 10446
197277213 1170034
928 5
198447247 933
198447247 490511
5500 16
198937758 5516
198937758 266865
321 12
199204623 333
199204623 9405
199204623 1417764
5242 128
200622387 5370
200622387 496105
4096 7
201118492 4103
201118492 1103078
6099 896
202221570 6995
202221570 407931
2149 745
202629501 2894
202629501 278943
1865 37
202908444 1902
202908444 77864
202908444 1517112
5532 1157
204425556 6689
204425556 414620
8297 507
204840176 8804
204840176 209982
3923 3
205050158 3926
205050158 500031
205050158 4223392
619 2
209273550 621
209273550 33389
8764 13
209306939 8777
209306939 572597
917 60
209879536 977
209879536 86084
4138 3
209965620 4141
209965620 494876
1865 87
210460496 1952
210460496 186145
2650 1157
210646641 3807
210646641 237953
2737 68
210884594 2805
210884594 651013
547 9
211535607 556
211535607 18189
211535607 1663827
14064 21
213199434 14085
213199434 1045779
11609 58
214245213 11667
214245213 692258
19496 518
214937471 20014
214937471 2002143
755 48
216939614 803
216939614 147239
607 9
217086853 616
217086853 267481
199 6
217354334 205
217354334 787779
217354334 5868401
3301 121
223222735 3422
223222735 248777
573498 170
223471512 573668
424525 266865
224045180 691390
2650 261
224736570 2911
224736570 69938
48 3
224806508 51
224806508 35913
224806508 1732608
803 22
226539116 825
226539116 408756
933 18
226947872 951
226947872 87035
2302 249
227034907 2551
227034907 612821
255091 34979
227647728 290070
5550 1933
227937798 7483
227937798 560723
3979 2943
228498521 6922
228498521 894612
11667 5
229393133 11672
229393133 971726
1865 82
230364859 1947
230364859 1033641
5698 5
231398500 5703
231398500 901802
675 2
232300302 677
232300302 52676
633 11
232352978 644
232352978 1557252
10113 47
233910230 10160
233910230 488446
5842 249
234398676 6091
234398676 474581
97818 345
234873257 98163
234873257 2100306
1578 153
236973563 1731
236973563 122134
4232 163
237095697 4395
237095697 337901
16 1
237433598 17
237433598 46987
237433598 2049130
466 2
239482728 468
239482728 103127
239482728 3361746
49174 256
242844474 49430
923 1
242893904 924
242893904 292743
8441 2125
243186647 10566
243186647 1707261
6258 502
244893908 6760
244893908 1176794
2915 105
246070702 3020
246070702 258111
653 2
246328813 655
246328813 21806
246328813 233659
773 82
246562472 855
246562472 29049
475 2
246591521 477
246591521 495353
11667 2
247086874 11669
247086874 3093944
212 5
250180818 217
250180818 78081
1736 3
250258899 1739
250258899 1983868
8409 18
252242767 8427
252242767 1340837
101736 673
253583604 102409
32 3
253686013 35
253686013 67062
253686013 2310999
310 4
255997012 314
255997012 27027
255997012 2435819
14005 11
258432831 14016
258432831 642110
34979 1323
259074941 36302
259074941 2472121
1952 4
261547062 1956
261547062 463582
8441 98
262010644 8539
262010644 636633
1795 136
262647277 1931
262647277 180280
644 2
262827557 646
262827557 21797
262827557 2231923
6258 261
265059480 6519
265059480 550720
241 5
265610200 246
265610200 118956
2702 518
265729156 3220
265729156 717967
5030 117
266447123 5147
266447123 3035788
386387 6
269482911 386393
2260 12
269869304 2272
269869304 1698967
1285 35
271568271 1320
271568271 693578
2702 507
272261849 3209
272261849 319005
245355 3220
272580854 248575
184 11
272829429 195
272829429 720854
98163 27376
273550283 125539
273550283 3848900
563820 14016
277399183 577836
2581 1
277977019 2582
277977019 388975
773 17
278365994 790
278365994 465532
7727 32
278831526 7759
278831526 1041400
8192 5550
279872926 13742
279872926 707320
153 5
280580246 158
280580246 464900
98 2
281045146 100
281045146 18289
281045146 2067419
5550 232
283112565 5782
283112565 2237705
3509 6
285350270 3515
285350270 142015
5147 7
285492285 5154
285492285 483440
726 2
285975725 728
285975725 1341565
14016 1827
287317290 15843
2755 1
287333133 2756
287333133 72694
49174 1100
287405827 50274
287405827 1607526
556 3
289013353 559
289013353 615098
6922 159
289628451 7081
289628451 286024
289628451 3647770
5703 2260
293276221 7963
293276221 601714
11816 177
293877935 11993
293877935 922039
17335 1478
294799974 18813
294799974 1083677
680591 20014
295883651 700605
3105 100
296584256 3205
296584256 741015
8409 7
297325271 8416
297325271 1525528
13555 87
298850799 13642
298850799 1030683
6760 32
299881482 6792
299881482 570612
1052356 64347
300452094 1116703
2329 3
301568797 2332
301568797 1347921
5500 163
302916718 5663
302916718 3243669
4138 78
306160387 4216
306160387 1529744
1100 3
307690131 1103
307690131 300607
1956 4
307990738 1960
307990738 2239665
21806 1907
310230403 23713
310230403 1200507
1612 18
311430910 1630
311430910 250407
311430910 4473799
633 2
315904709 635
315904709 19448
315904709 2263385
14706 21
318168094 14727
318168094 2166533
5663 32
320334627 5695
320334627 1108773
917 2
321443400 919
321443400 715666
1689 12
322159066 1701
322159066 133375
1077 9
322292441 1086
322292441 105248
27027 1798
322397689 28825
322397689 1586077
2534 103
323983766 2637
323983766 609177
2935 105
324592943 3040
324592943 141540
324592943 3990440
1878 5
328583383 1883
328583383 100046
184 2
328683429 186
328683429 50460
328683429 3412206
1525528 97818
332095635 1623346
102659 1467
333718981 104126
349 5
333823107 354
333823107 64701
333823107 4731679
199731 3918
338554786 203649
273 2
338758435 275
338758435 187409
275 5
338945844 280
338945844 1284502
3509 196
340230346 3705
340230346 1520817
248777 31
341751163 248808
35913 1612
341999971 37525
341999971 2137831
677 46
344137802 723
344137802 98886
23977 3981
344236688 27958
183166 156406
344264646 339572
4731 136
344604218 4867
344604218 803194
1046 11
345407412 1057
345407412 105219
60 1
345512631 61
345512631 610331
1956 27
346122962 1983
346122962 69045
6152 73
346192007 6225
346192007 1368729
855 37
347560736 892
347560736 73586
347560736 2631676
1798 12
350192412 1810
350192412 1086346
14930 11286
351278758 26216
351278758 2435008
6152 310
353713766 6462
353713766 451918
3220 78
354165684 3298
354165684 368387
136 2
354534071 138
354534071 795836
238 1
355329907 239
355329907 693817
825 12
356023724 837
356023724 48678
356023724 1487926
6225 1176
357511650 7401
357511650 1254851
10897 273
358766501 11170
358766501 3269789
122134 1046
362036290 123180
2756 11
362159470 2767
362159470 1000312
33389 5118
363159782 38507
363159782 2536879
1008774 52994
365696661 1061768
8777 141
366758429 8918
366758429 1654556
1249 61
368412985 1310
368412985 813786
2755 35
369226771 2790
369226771 1112657
6760 136
370339428 6896
370339428 1661452
20258 310
372000880 20568
372000880 232421
46987 1865
372233301 48852
372233301 2606942
542835 467399
374840243 1010234
468292 28
375850477 468320
2158 8
376318797 2166
376318797 826952
377145749 1345589
19489 494
378491338 19983
378491338 1196777
728 6
379688115 734
379688115 1255585
10116 198
380943700 10314
380943700 1742922
386 2
382686622 388
382686622 368775
1578 16
383055397 1594
383055397 277643
4731 4103
383333040 8834
383333040 1417193
421 9
384750233 430
384750233 602144
3116 51
385352377 3167
385352377 710487
3515 286
386062864 3801
386062864 1173835
2048 64
387236699 2112
387236699 116464
5154 51
387353163 5205
387353163 1562457
803 6
388915620 809
388915620 94944
2935 51
389010564 2986
389010564 321991
12842 4
389332555 12846
389332555 949430
855 3
390281985 858
390281985 855931
390281985 7992619
13179 261
398274604 13440
398274604 785284
27027 8
399059888 27035
280 1
399086923 281
399086923 156012
837 12
399242935 849
399242935 38374
399242935 2670050
3094 230
401912985 3324
401912985 556564
11669 37
402469549 11706
402469549 3735067
10491 58
406204616 10549
406204616 824335
4941 61
407028951 5002
407028951 872480
3301 22
407901431 3323
407901431 830275
3105 159
408731706 3264
408731706 412020
933 5
409143726 938
409143726 100984
104126 293
409244710 104419
1031573 126432
409349129 1158005
3705 13
410507134 3718
410507134 879989
1323 21
411387123 1344
411387123 1359851
2935 46
412746974 2981
412746974 674102
13642 11993
413421076 25635
413421076 2767421
2582 165
416188497 2747
416188497 318543
354 1
416507040 355
416507040 1197132
5370 73
417704172 5443
417704172 844591
59718 11733
418548763 71451
9796 227
418620214 10023
418620214 731755
3522 249
419351969 3771
419351969 631865
25954 18
419983834 25972
419983834 2925747
1124 2
422909581 1126
422909581 3239132
340933 116777
426148713 457710
430 13
426606423 443
426606423 164726
14005 3205
426771149 17210
426771149 758225
9855 48
427529374 9903
427529374 587739
10496 68
428117113 10564
428117113 782408
2332 105
428899521 2437
428899521 392156
1136 65
429291677 1201
429291677 397019
6099 195
429688696 6294
429688696 1414653
29906 1126
431103349 31032
431103349 2098451
15282 28
433201800 15310
433201800 1999178
5872 3
435200978 5875
435200978 1423639
4249 8
436624617 4257
436624617 1090603
11706 240
437715220 11946
437715220 948530
2582 13
438663750 2595
438663750 1952512
51 6
440616262 57
440616262 910103
4731 177
441526365 4908
441526365 272389
62739 475
441798754 63214
635 2
441861968 637
441861968 521937
13754 31
442383905 13785
442383905 754800
1478 27
443138705 1505
443138705 783913
2658 17
443922618 2675
443922618 774519
2302 124
444697137 2426
444697137 740236
266865 48678
445437373 315543
5147 57
445752916 5204
445752916 1591281
521300 3538
447344197 524838
39810 138
447869035 39948
447869035 2206481
9796 58
450075516 9854
450075516 1617380
488446 1842
451692896 490288
2637 7
452183184 2644
452183184 837227
4257 5
453020411 4262
453020411 900361
495353 59718
453920772 555071
3343 12
454475843 3355
28194 2437
454479198 30631
454479198 2956378
11308 6645
457435576 17953
457435576 4241345
559 7
461676921 566
461676921 114918
10116 124
461791839 10240
461791839 824026
8441 141
462615865 8582
462615865 1168170
1765954 5695
463784035 1771649
572 2
465555684 574
465555684 642684
13440 37
466198368 13477
466198368 1330957
464742 475
467529325 465217
647 4
467994542 651
467994542 1984519
812476 673
469979061 813149
797798 10113
470792210 807911
17633 4731
471600121 22364
471600121 1584821
1478 1
473184942 1479
473184942 287503
755 11
473472445 766
473472445 1248216
3801 166
474720661 3967
474720661 1268514
114352 4096
475989175 118448
1320 22
476107623 1342
476107623 262691
1810 27
476370314 1837
476370314 77799
7483 8
476448113 7491
476448113 219344
4141 5
476667457 4146
476667457 482432
5842 6
477149889 5848
477149889 893538
855073 714269
478043427 1569342
3979 64
479612769 4043
479612769 1014277
13526 10160
480627046 23686
480627046 2190219
3771 7
482817265 3778
482817265 313795
676911 20613
483131060 697524
8918 293
483828584 9211
483828584 624309
883696 3538
484452893 887234
1827 7
485340127 1834
485340127 199723
314 4
485539850 318
485539850 78600
3355 5
485618450 3360
485618450 646044
2426 5
486264494 2431
486264494 679342
87 5
486943836 92
486943836 428035
487371871 63214
407931 6099
487435085 414030
5882 153
487849115 6035
487849115 363747
12508 463
488212862 12971
488212862 232315
1842 7
488445177 1849
488445177 143864
1086 3
488589041 1089
488589041 246444
1479 7
488835485 1486
488835485 116404
612821 5147
488951889 617968
313795 1024
489569857 314819
1960 76
489884676 2036
489884676 832311
20442 2755
490716987 23197
490716987 2358326
291744 61
493075313 291805
1100 2
493367118 1102
493367118 613923
389719 35862
493981041 425581
483440 195
494406622 483635
22411 4232
494890257 26643
5698 1
494916900 5699
494916900 593438
1810 5
495510338 1815
495510338 978209
977 16
496488547 993
496488547 902795
19983 12
497391342 19995
497391342 2330994
601714 73586
499722336 675300
262691 46970
500397636 309661
13785 4833
500707297 18618
500707297 2688668
995 8
503395965 1003
503395965 179352
633 1
503575317 634
503575317 38159
503575317 1477407
1196777 723
505052724 1197500
12842 122
506250224 12964
506250224 1239579
14930 124
507489803 15054
507489803 1789360
38507 112
509279163 38619
509279163 2596709
5118 8
511875872 5126
511875872 208775
3538 6
512084647 3544
512084647 449000
773 2
512533647 775
512533647 288278
2437 18
512821925 2455
512821925 1625801
349 1
514447726 350
514447726 42741
514447726 3078529
542835 2767
517526255 545602
517526255 5626224
896 3
523152479 899
523152479 153033
1550 1
523305512 1551
523305512 461416
4279 21
523766928 4300
523766928 151539
3522 170
523918467 3692
523918467 207341
1103 3
524125808 1106
524125808 571718
32768 76
524697526 32844
524697526 3302633
1960 7
528000159 1967
528000159 97047
1665 4
528097206 1669
528097206 838896
2852 18
528936102 2870
528936102 343863
272389 142015
529279965 414404
1676 7
529694369 1683
529694369 3413889
4043 83
533108258 4126
533108258 560690
3167 1
533668948 3168
533668948 206817
291744 10897
533875765 302641
1787 5
534178406 1792
534178406 1100767
8804 227
535279173 9031
535279173 2750817
124 1
538029990 125
538029990 795823
538825813 9707
790 3
538835520 793
538835520 810611
4395 258
539646131 4653
539646131 375319
3967 105
540021450 4072
540021450 606216
1248216 2894
540627666 1251110
951 16
541878776 967
541878776 718934
542597710 412020
8192 5
543009730 8197
543009730 1653835
4072 64
544663565 4136
544663565 1107214
4833 2
545770779 4835
545770779 332516
3807 18
546103295 3825
546103295 1366329
1320 78
547469624 1398
547469624 413418
234146 208775
547883042 442921
5875 198
548325963 6073
548325963 966127
4262 112
549292090 4374
549292090 472864
910046 219344
549764954 1129390
130933 196
550894344 131129
2472 76
551025473 2548
551025473 663556
21806 4
551689029 21810
551689029 2023953
149 1
553712982 150
553712982 2435969
4501 149
556148951 4650
556148951 582486
23713 4072
556731437 27785
556731437 2716453
38159 1490
559447890 39649
559447890 2397975
10897 258
561845865 11155
561845865 921258
5242 27
562767123 5269
562767123 516510
3538 48
563283633 3586
563283633 913689
17335 78
564197322 17413
564197322 1681240
7401 397
565878562 7798
565878562 660572
1398 21
566539134 1419
566539134 1010193
1057 7
567549327 1064
567549327 328745
7999 136
567878072 8135
567878072 384026
952879 147239
568262098 1100118
128 3
569362216 131
569362216 522068
35862 1013
569884284 36875
569884284 3398621
10566 468
573282905 11034
573282905 1540778
1594 4
574823683 1598
574823683 2332592
3771 1
577156275 3772
577156275 1259357
559 5
578415632 564
578415632 48405
578415632 3696175
6294 48
582111807 6342
582111807 1183136
624309 301674
583294943 925983
4262 87
584220926 4349
584220926 640982
1445 5
584861908 1450
584861908 359162
2805 5
585221070 2810
585221070 1893267
23977 1157
587114337 25134
587114337 2092553
92 4
589206890 96
589206890 82299
1013 5
589289189 1018
589289189 154051
333 4
589443240 337
589443240 133712
12508 227
589576952 12735
589576952 4486534
58320 443
594063486 58763
17633 11
594122249 17644
544201 134873
594139893 679074
199723 3772
594818967 203495
5370 83
595022462 5453
595022462 1122650
1967 60
596145112 2027
596145112 776546
8441 227
596921658 8668
596921658 1800364
6760 938
598722022 7698
598722022 1024739
2036 2
599746761 2038
599746761 1243829
94135 18189
600990590 112324
1535 8
601102914 1543
601102914 311560
10566 199
601414474 10765
601414474 1075629
2675 57
602490103 2732
602490103 566552
20613 16113
603056655 36726
603056655 1938080
52725 2329
604994735 55054
14005 281
605049789 14286
6152 58
605064075 6210
605064075 225554
397 4
605289629 401
605289629 43142
20711 938
605332771 21649
605332771 1460897
1217 57
606793668 1274
606793668 370655
112676 196
607164323 112872
547 3
607277195 550
607277195 98713
10496 186
607375908 10682
607375908 1295184
6294 18
608671092 6312
608671092 1165900
275 1
609836992 276
609836992 758501
26643 18
610595493 26661
610595493 3388407
3705 210
613983900 3915
613983900 1412274
5126 64
615396174 5190
615396174 2156996
533 8
617553170 541
617553170 45039
187409 647
617598209 188056
2067419 550
617786265 2067969
1233 12
619854234 1245
619854234 654019
453290 2332
620508253 455622
87 3
620963875 90
620963875 1239669
18 2
622203544 20
622203544 59480
3522 3
622263024 3525
622263024 168251
1765954 1584821
622431275 3350775
63216 227
625782050 63443
625782050 3019821
392156 178349
628801871 570505
4096 1
629372376 4097
629372376 1272611
1490 8
630644987 1498
630644987 145548
809 11
630790535 820
630790535 234966
8102 67
631025501 8169
631025501 2724622
293 13
633750123 306
633750123 1331263
25635 48
635081386 25683
635081386 3673453
145926 967
638754839 146893
638754839 4388238
637 4
643143077 641
643143077 359803
2302 8
643502880 2310
643502880 1399325
71451 384
644902205 71835
644902205 3920735
9405 195
648822940 9600
648822940 2445569
2756 83
651268509 2839
651268509 1657395
617968 2211
652925904 620179
3094 7
653546083 3101
653546083 228655
773 1
653774738 774
653774738 262123
16295 430
654036861 16725
654036861 2488846
2292 1
656525707 2293
656525707 520292
14706 57
657045999 14763
1505 28
657060762 1533
657060762 323524
17633 1849
657384286 19482
657384286 2282867
333 2
659667153 335
659667153 458045
1630 18
660125198 1648
660125198 197388
37 6
660322586 43
660322586 1368772
25134 32
661691358 25166
661691358 2049119
464742 43
663740477 464785
1285 158
664205262 1443
664205262 189499
6698 6
664394761 6704
664394761 174955
10549 318
664569716 10867
664569716 2482988
5608 7
667052704 5615
667052704 1872213
5154 1
668924917 5155
668924917 173406
10897 176
669098323 11073
669098323 2079042
5663 17
671177365 5680
671177365 919369
2243937 1233
672096734 2245170
18813 98
674341904 18911
674341904 2377237
63443 13555
676719141 76998
1810 1
676796139 1811
676796139 2399786
1108773 112872
679195925 1221645
128 2
680417570 130
680417570 830405
1201 13
681247975 1214
681247975 835797
1157 3
682083772 1160
682083772 1733768
3116 7
683817540 3123
683817540 830075
2310 60
684647615 2370
684647615 275027
938 28
684922642 966
684922642 521258
4072 8
685443900 4080
685443900 764191
1254851 29299
686208091 1284150
1378537 7963
687492241 1386500
2637 1
688878741 2638
688878741 228192
5269 3
689106933 5272
689106933 1164860
5154 20
690271793 5174
690271793 309150
715666 2213
690580943 717879
4146 17
691298822 4163
691298822 242558
477 3
691541380 480
691541380 63923
5147 3
691605303 5150
691605303 769341
517999 301593
692374644 819592
180280 39948
693194236 220228
2231923 189499
693414464 2421422
253652 4279
695835886 257931
463 2
696093817 465
696093817 449465
22364 977
696543282 23341
696543282 2521713
52676 2370
699064995 55046
1396898 33389
699120041 1430287
7491 67
700550328 7558
63443 3522
700557886 66965
29906 321
700624851 30227
15843 1102
700655078 16945
700655078 1217452
700655078 1569342
3807 103
702224420 3910
702224420 400929
27035 430
702625349 27465
702625349 2794886
1683 1
705420235 1684
705420235 1708945
28825 892
707129180 29717
707129180 4417955
556564 58
711547135 556622
1160 35
712103757 1195
712103757 708515
7558 78
712812272 7636
60410 1947
712819908 62357
869 20
712882265 889
712882265 524830
1949917 17588
713407095 1967505
67062 475
715374600 67537
4565 196
715442137 4761
715442137 529599
674102 23686
715971736 697788
2172 35
716669524 2207
716669524 451672
3544 2
717121196 3546
717121196 1572888
982002 3301
718694084 985303
972289 8427
719679387 980716
170 2
720660103 172
720660103 824507
933 2
721484610 935
721484610 1110802
855073 819592
722595412 1674665
7491 261
724270077 7752
724270077 1142284
100984 458
725412361 101442
219344 318
725513803 219662
272389 3360
725733465 275749
22411 667
726009214 23078
726009214 1511004
427943 197388
727520218 625331
217 1
728145549 218
728145549 1114362
3343 46
729259911 3389
729259911 1433676
19995 17
730693587 20012
730693587 1862628
646044 675
732556215 646719
1344 17
733202934 1361
733202934 84590
1689 31
733287524 1720
733287524 1512724
2581 43
734800248 2624
734800248 634489
1126 1
735434737 1127
735434737 545328
91192 1701
735980065 92893
735980065 3506782
951 3
739486847 954
739486847 540874
3506782 2472
740027721 3509254
43142 6091
743536975 49233
321 1
743586208 322
743586208 165048
265 1
743751256 266
743751256 1562723
28825 27
745313979 28852
745313979 1930206
2370 100
747244185 2470
747244185 1246299
3392 7
748490484 3399
748490484 1365903
1878 20
749856387 1898
749856387 320903
234146 6294
750177290 240440
14968 64
750417730 15032
750417730 3524286
27027 468
753942016 27495
753942016 2127801
463 1
756069817 464
756069817 44962
5782 57
756114779 5839
756114779 793618
12846 820
756908397 13666
756908397 2296533
559 1
759204930 560
759204930 1387060
81791 5703
760591990 87494
1983 13
760679484 1996
760679484 1427064
25954 15054
762106548 41008
762106548 3776075
4232 16
765882623 4248
765882623 2404034
2582 11
768286657 2593
768286657 1774242
125 2
770060899 127
770060899 455749
2397975 12746
770516648 2410721
17644 249
772927369 17893
772927369 2516265
272657 21649
775443634 294306
21088 1952
775737940 23040
775737940 2123346
5269 335
777861286 5604
777861286 2215730
253652 5875
780077016 259527
122134 1837
780336543 123971
3360 13
780460514 3373
780460514 448829
1284502 1996
780909343 1286498
3825 9
782195841 3834
782195841 560456
906119 1665
782756297 907784
52676 26643
783664081 79319
982621 1810
783743400 984431
8427 122
784727831 8549
784727831 1549327
2870 6
786277158 2876
786277158 912979
59480 644
787190137 60124
323 2
787250261 325
787250261 1999503
16295 384
789249764 16679
789249764 2116985
1505 2
791366749 1507
791366749 1773156
11073 6
793139905 11079
793139905 2322078
9072 198
795461983 9270
795461983 1976775
1398 35
797438758 1433
797438758 621612
919 1
798060370 920
798060370 643604
36302 9
798703974 36311
388 6
798740285 394
798740285 1345983
1344 47
800086268 1391
800086268 857322
465532 332516
800943590 798048
142015 667
801741638 142682
1467 1
801884320 1468
801884320 1710413
2548 28
803594733 2576
803594733 580412
159 1
804175145 160
804175145 621772
290070 159
804796917 290229
1183136 1126
805087146 1184262
1883 6
806271408 1889
806271408 1401214
6519 21
807672622 6540
807672622 506571
550 1
808179193 551
808179193 1031234
2213 11
809210427 2224
809210427 1119421
775 4
810329848 779
810329848 544980
685 4
810874828 689
810874828 1065553
25331 2213
811940381 27544
10682 138
811967925 10820
811967925 3535106
114352 90
815503031 114442
309661 290229
815617473 599890
106069 2272
816217363 108341
106069 919
816325704 106988
816325704 4838667
2049119 609177
821164371 2658296
919369 1157
823822667 920526
544980 310
824743193 545290
771844 86084
825288483 857928
1551 22
826146411 1573
826146411 227127
1284222 322
826373538 1284544
180280 803
827658082 181083
1064 6
827839165 1070
827839165 454360
2293 5
828293525 2298
828293525 1019339
33389 2852
829312864 36241
829312864 2831127
977 2
832143991 979
832143991 244784
728 1
832388775 729
832388775 321632
138500 1947
832710407 140447
912979 6689
832850854 919668
490735 547
833770522 491282
2876 16
834261804 2892
834261804 1137424
83229 1787
835399228 85016
835399228 3620122
1398 13
839019350 1411
839019350 1256996
112324 98
840276346 112422
735189 9405
840388768 744594
1196777 11669
841133362 1208446
924 3
842341808 927
842341808 1646565
563587 301593
843988373 865180
2943 27
844853553 2970
844853553 362773
1017041 28852
845216326 1045893
288278 3105
846262219 291383
735189 1323
846553602 736512
4395 210
847290114 4605
847290114 375271
2852 17
847665385 2869
847665385 1022208
136 1
848687593 137
848687593 550857
1323 17
849238450 1340
849238450 461205
1249 1
849699655 1250
849699655 469740
12508 65
850169395 12573
850169395 1997092
273 1
852166487 274
852166487 397293
606216 47
852563780 606263
1366329 184
853170043 1366513
104419 412
854536556 104831
173406 170
854641387 173576
1408359 6462
854814963 1414821
1114362 20014
856229784 1134376
2624 7
857364160 2631
857364160 356111
857364160 5436733
869 11
862800893 880
862800893 316676
42741 1551
863117569 44292
863117569 4530826
1967 58
867648395 2025
867648395 1175860
325503 1996
868824255 327499
997545 483635
869151754 1481180
824786 100
870632934 824886
677 3
871457820 680
871457820 168931
14763 83
871626751 14846
924 1
871641597 925
871641597 676225
25683 15901
872317822 41584
232 1
872359406 233
872359406 813382
252 1
873172788 253
873172788 341246
809818 2732
873514034 812550
1070 1
874326584 1071
874326584 1066624
4262 3
875393208 4265
875393208 2156071
321991 3438
877549279 325429
3546 64
877874708 3610
877874708 332355
2839365 640982
878207063 3480347
1259357 9211
881687410 1268568
76998 325
882955978 77323
3105 4
883033301 3109
883033301 1229724
483440 114918
884263025 598358
12279 32
884861383 12311
884861383 1154595
472864 919
886015978 473783
417827 102659
886489761 520486
582486 83229
887010247 665715
8441 13
887675962 8454
887675962 1356375
278943 23063
889032337 302006
104831 239
889334343 105070
11308 184
889439413 11492
889439413 1883705
67062 530
891323118 67592
246444 2767
891390710 249211
1535 5
891639921 1540
891639921 109881
421 5
891749802 426
891749802 95506
589 5
891845308 594
891845308 985897
246444 13440
892831205 259884
291819 21806
893091089 313625
8192 160
893404714 8352
893404714 1753595
414620 2298
895158309 416918
105219 2
895575227 105221
717967 14727
895680448 732694
654019 1535
896413142 655554
21797 127
897068696 21924
22 1
897090620 23
897090620 319028
11308 127
897409648 11435
897409648 1692675
1268514 58763
899102323 1327277
2213 7
900429600 2220
900429600 193496
708515 4043
900623096 712558
2437 4
901335654 2441
901335654 1088787
16679 2702
902424441 19381
902424441 1861997
1221645 5875
904286438 1227520
3123 8
905513958 3131
905513958 307107
405 5
905821065 410
905821065 353890
3048 16
906174955 3064
906174955 1433351
2166 5
907608306 2171
907608306 1903525
3301 3
909511831 3304
909511831 1220756
11730 430
910732587 12160
910732587 1854776
2156996 633
912587363 2157629
4374 61
914744992 4435
914744992 592174
4300 64
915337166 4364
915337166 670079
105248 1157
916007245 106405
916007245 4347750
2171 16
920354995 2187
920354995 394343
1676 6
920749338 1682
920749338 128114
4103 5
920877452 4108
920877452 3994548
425581 258
924872000 425839
1798 8
925297839 1806
925297839 2518071
266865 1878
927815910 268743
3952 1
928084653 3953
928084653 1212399
857928 464
929297052 858392
3123 7
930155444 3130
930155444 178085
4395 22
930333529 4417
930333529 1038058
489 2
931371587 491
931371587 254143
2455 2
931625730 2457
931625730 743472
1450 9
932369202 1459
932369202 3095403
325 5
935464605 330
935464605 660902
708515 272657
936125507 981172
21924 675
937106679 22599
937106679 2046552
327499 3392
939153231 330891
4731 13
939484122 4744
939484122 283687
1445 3
939767809 1448
939767809 2671498
4364 112
942439307 4476
942439307 964530
92 2
943403837 94
943403837 710581
1720 1
944114418 1721
944114418 1489647
105070 2426
945604065 107496
610270 146436
945711561 756706
42391 228
946468267 42619
323524 6225
946510886 329749
899 11
946840635 910
946840635 279853
1272611 4097
947120488 1276708
1654556 12508
948397196 1667064
8441 5
950064260 8446
950064260 1498093
13 2
951562353 15
951562353 32783
13666 9
951595136 13675
951595136 2535388
52676 31
954130524 52707
1450 1
954183231 1451
954183231 311468
680 2
954494699 682
954494699 680024
1131 15
955174723 1146
955174723 1001458
244784 217
956176181 245001
5272 16
956421182 5288
956421182 1235012
5370 22
957656194 5392
957656194 705997
14286 61
958362191 14347
245355 466
958376538 245821
984431 78081
958622359 1062512
1285 2
959684871 1287
959684871 371953
5663 8
960056824 5671
960056824 2663967
545328 1245
962720791 546573
2790 7
963267364 2797
963267364 928780
425101 83
964196144 425184
178 5
964621328 183
964621328 1083860
430 2
965705188 432
965705188 101416
965705188 8214498
5699 46
973919686 5745
973919686 2451314
132 1
976371000 133
976371000 339705
2911 58
976710705 2969
976710705 1589046
957610 691390
978299751 1649000
6342 18
979948751 6360
979948751 506391
9600 48
980455142 9648
980455142 1539392
237953 117
981994534 238070
66965 2970
982232604 69935
982232604 3605041
104419 5443
985837645 109862
20613 199
985947507 20812
985947507 2022955
89580 2805
987970462 92385
987970462 4086933
276049 4300
992057395 280349
1010193 11286
992337744 1021479
98163 256
993359223 98419
667 5
993457642 672
993457642 304648
12279 16
993762290 12295
993762290 1812659
3264 16
995574949 3280
995574949 1041338
5825 1
996616287 5826
996616287 2288693
793 8
998904980 801
998904980 827753
