113
1 1
2 2
4 4
8 8
16 16
32 32
64 64
128 128
256 256
512 512
1024 1024
2048 2048
4096 4096
8192 8192
16384 16384
32768 32768
65536 65536
131072 131072
262144 262144
524288 524288
1048576 1048576
2097152 2097152
4194304 4194304
4 1
8 5
64 13
128 77
1024 205
16384 1229
131072 17613
262144 148685
524288 410829
1048576 935117
2097152 1983693
8388608 4080845
13 2
77 15
1024 92
2048 1116
4096 3164
65536 7260
4080845 72796
4194304 4153641
12469453 8347945
20817398 20817398
41634796 41634796
64 8
256 72
3164 328
8192 3492
17613 11684
72796 29297
1983693 102093
20817398 2085786
41634796 22903184
83269592 64537980
15 13
205 28
512 233
2048 745
102093 2793
148685 104886
524288 253571
4194304 777859
22903184 4972163
147807572 27875347
175682919 175682919
16 15
92 31
512 123
1229 635
104886 1864
777859 106750
1048576 884609
12469453 1933185
175682919 14402638
351365838 190085557
31 28
1116 59
17613 1175
72796 18788
777859 91584
8388608 869443
27875347 9258051
541451395 37133398
8 1
205 9
2793 214
11684 3007
524288 14691
37133398 538979
578584793 37672377
16 5
233 21
2048 254
65536 2302
538979 67838
1048576 606817
27875347 1655393
616257170 29530740
2048 77
4096 2125
18788 6221
777859 25009
64537980 802868
645787910 65340848
1864 254
102093 2118
148685 104211
1655393 252896
2097152 1908289
83269592 4005441
711128758 87275033
