1020
1 1
2 2
4 4
8 8
16 16
32 32
64 64
128 128
256 256
512 512
1024 1024
2048 2048
4096 4096
8192 8192
16384 16384
32768 32768
128 32
65536 160
65536 672
65536 1696
65536 34464
100000 1
100001 1
100002 1
100003 1
100004 1
100005 1
100006 1
100007 1
100008 1
100009 1
100010 1
100011 1
100012 1
100013 1
100014 1
100015 1
100016 1
100017 1
100018 1
100019 1
100020 1
100021 1
100022 1
100023 1
100024 1
100025 1
100026 1
100027 1
100028 1
100029 1
100030 1
100031 1
100032 1
100033 1
100034 1
100035 1
100036 1
100037 1
100038 1
100039 1
100040 1
100041 1
100042 1
100043 1
100044 1
100045 1
100046 1
100047 1
100048 1
100049 1
100050 1
100051 1
100052 1
100053 1
100054 1
100055 1
100056 1
100057 1
100058 1
100059 1
100060 1
100061 1
100062 1
100063 1
100064 1
100065 1
100066 1
100067 1
100068 1
100069 1
100070 1
100071 1
100072 1
100073 1
100074 1
100075 1
100076 1
100077 1
100078 1
100079 1
100080 1
100081 1
100082 1
100083 1
100084 1
100085 1
100086 1
100087 1
100088 1
100089 1
100090 1
100091 1
100092 1
100093 1
100094 1
100095 1
100096 1
100097 1
100098 1
100099 1
100100 1
100101 1
100102 1
100103 1
100104 1
100105 1
100106 1
100107 1
100108 1
100109 1
100110 1
100111 1
100112 1
100113 1
100114 1
100115 1
100116 1
100117 1
100118 1
100119 1
100120 1
100121 1
100122 1
100123 1
100124 1
100125 1
100126 1
100127 1
100128 1
100129 1
100130 1
100131 1
100132 1
100133 1
100134 1
100135 1
100136 1
100137 1
100138 1
100139 1
100140 1
100141 1
100142 1
100143 1
100144 1
100145 1
100146 1
100147 1
100148 1
100149 1
100150 1
100151 1
100152 1
100153 1
100154 1
100155 1
100156 1
100157 1
100158 1
100159 1
100160 1
100161 1
100162 1
100163 1
100164 1
100165 1
100166 1
100167 1
100168 1
100169 1
100170 1
100171 1
100172 1
100173 1
100174 1
100175 1
100176 1
100177 1
100178 1
100179 1
100180 1
100181 1
100182 1
100183 1
100184 1
100185 1
100186 1
100187 1
100188 1
100189 1
100190 1
100191 1
100192 1
100193 1
100194 1
100195 1
100196 1
100197 1
100198 1
100199 1
100200 1
100201 1
100202 1
100203 1
100204 1
100205 1
100206 1
100207 1
100208 1
100209 1
100210 1
100211 1
100212 1
100213 1
100214 1
100215 1
100216 1
100217 1
100218 1
100219 1
100220 1
100221 1
100222 1
100223 1
100224 1
100225 1
100226 1
100227 1
100228 1
100229 1
100230 1
100231 1
100232 1
100233 1
100234 1
100235 1
100236 1
100237 1
100238 1
100239 1
100240 1
100241 1
100242 1
100243 1
100244 1
100245 1
100246 1
100247 1
100248 1
100249 1
100250 1
100251 1
100252 1
100253 1
100254 1
100255 1
100256 1
100257 1
100258 1
100259 1
100260 1
100261 1
100262 1
100263 1
100264 1
100265 1
100266 1
100267 1
100268 1
100269 1
100270 1
100271 1
100272 1
100273 1
100274 1
100275 1
100276 1
100277 1
100278 1
100279 1
100280 1
100281 1
100282 1
100283 1
100284 1
100285 1
100286 1
100287 1
100288 1
100289 1
100290 1
100291 1
100292 1
100293 1
100294 1
100295 1
100296 1
100297 1
100298 1
100299 1
100300 1
100301 1
100302 1
100303 1
100304 1
100305 1
100306 1
100307 1
100308 1
100309 1
100310 1
100311 1
100312 1
100313 1
100314 1
100315 1
100316 1
100317 1
100318 1
100319 1
100320 1
100321 1
100322 1
100323 1
100324 1
100325 1
100326 1
100327 1
100328 1
100329 1
100330 1
100331 1
100332 1
100333 1
100334 1
100335 1
100336 1
100337 1
100338 1
100339 1
100340 1
100341 1
100342 1
100343 1
100344 1
100345 1
100346 1
100347 1
100348 1
100349 1
100350 1
100351 1
100352 1
100353 1
100354 1
100355 1
100356 1
100357 1
100358 1
100359 1
100360 1
100361 1
100362 1
100363 1
100364 1
100365 1
100366 1
100367 1
100368 1
100369 1
100370 1
100371 1
100372 1
100373 1
100374 1
100375 1
100376 1
100377 1
100378 1
100379 1
100380 1
100381 1
100382 1
100383 1
100384 1
100385 1
100386 1
100387 1
100388 1
100389 1
100390 1
100391 1
100392 1
100393 1
100394 1
100395 1
100396 1
100397 1
100398 1
100399 1
100400 1
100401 1
100402 1
100403 1
100404 1
100405 1
100406 1
100407 1
100408 1
100409 1
100410 1
100411 1
100412 1
100413 1
100414 1
100415 1
100416 1
100417 1
100418 1
100419 1
100420 1
100421 1
100422 1
100423 1
100424 1
100425 1
100426 1
100427 1
100428 1
100429 1
100430 1
100431 1
100432 1
100433 1
100434 1
100435 1
100436 1
100437 1
100438 1
100439 1
100440 1
100441 1
100442 1
100443 1
100444 1
100445 1
100446 1
100447 1
100448 1
100449 1
100450 1
100451 1
100452 1
100453 1
100454 1
100455 1
100456 1
100457 1
100458 1
100459 1
100460 1
100461 1
100462 1
100463 1
100464 1
100465 1
100466 1
100467 1
100468 1
100469 1
100470 1
100471 1
100472 1
100473 1
100474 1
100475 1
100476 1
100477 1
100478 1
100479 1
100480 1
100481 1
100482 1
100483 1
100484 1
100485 1
100486 1
100487 1
100488 1
100489 1
100490 1
100491 1
100492 1
100493 1
100494 1
100495 1
100496 1
100497 1
100498 1
100499 1
100500 1
100501 1
100502 1
100503 1
100504 1
100505 1
100506 1
100507 1
100508 1
100509 1
100510 1
100511 1
100512 1
100513 1
100514 1
100515 1
100516 1
100517 1
100518 1
100519 1
100520 1
100521 1
100522 1
100523 1
100524 1
100525 1
100526 1
100527 1
100528 1
100529 1
100530 1
100531 1
100532 1
100533 1
100534 1
100535 1
100536 1
100537 1
100538 1
100539 1
100540 1
100541 1
100542 1
100543 1
100544 1
100545 1
100546 1
100547 1
100548 1
100549 1
100550 1
100551 1
100552 1
100553 1
100554 1
100555 1
100556 1
100557 1
100558 1
100559 1
100560 1
100561 1
100562 1
100563 1
100564 1
100565 1
100566 1
100567 1
100568 1
100569 1
100570 1
100571 1
100572 1
100573 1
100574 1
100575 1
100576 1
100577 1
100578 1
100579 1
100580 1
100581 1
100582 1
100583 1
100584 1
100585 1
100586 1
100587 1
100588 1
100589 1
100590 1
100591 1
100592 1
100593 1
100594 1
100595 1
100596 1
100597 1
100598 1
100599 1
100600 1
100601 1
100602 1
100603 1
100604 1
100605 1
100606 1
100607 1
100608 1
100609 1
100610 1
100611 1
100612 1
100613 1
100614 1
100615 1
100616 1
100617 1
100618 1
100619 1
100620 1
100621 1
100622 1
100623 1
100624 1
100625 1
100626 1
100627 1
100628 1
100629 1
100630 1
100631 1
100632 1
100633 1
100634 1
100635 1
100636 1
100637 1
100638 1
100639 1
100640 1
100641 1
100642 1
100643 1
100644 1
100645 1
100646 1
100647 1
100648 1
100649 1
100650 1
100651 1
100652 1
100653 1
100654 1
100655 1
100656 1
100657 1
100658 1
100659 1
100660 1
100661 1
100662 1
100663 1
100664 1
100665 1
100666 1
100667 1
100668 1
100669 1
100670 1
100671 1
100672 1
100673 1
100674 1
100675 1
100676 1
100677 1
100678 1
100679 1
100680 1
100681 1
100682 1
100683 1
100684 1
100685 1
100686 1
100687 1
100688 1
100689 1
100690 1
100691 1
100692 1
100693 1
100694 1
100695 1
100696 1
100697 1
100698 1
100699 1
100700 1
100701 1
100702 1
100703 1
100704 1
100705 1
100706 1
100707 1
100708 1
100709 1
100710 1
100711 1
100712 1
100713 1
100714 1
100715 1
100716 1
100717 1
100718 1
100719 1
100720 1
100721 1
100722 1
100723 1
100724 1
100725 1
100726 1
100727 1
100728 1
100729 1
100730 1
100731 1
100732 1
100733 1
100734 1
100735 1
100736 1
100737 1
100738 1
100739 1
100740 1
100741 1
100742 1
100743 1
100744 1
100745 1
100746 1
100747 1
100748 1
100749 1
100750 1
100751 1
100752 1
100753 1
100754 1
100755 1
100756 1
100757 1
100758 1
100759 1
100760 1
100761 1
100762 1
100763 1
100764 1
100765 1
100766 1
100767 1
100768 1
100769 1
100770 1
100771 1
100772 1
100773 1
100774 1
100775 1
100776 1
100777 1
100778 1
100779 1
100780 1
100781 1
100782 1
100783 1
100784 1
100785 1
100786 1
100787 1
100788 1
100789 1
100790 1
100791 1
100792 1
100793 1
100794 1
100795 1
100796 1
100797 1
100798 1
100799 1
100800 1
100801 1
100802 1
100803 1
100804 1
100805 1
100806 1
100807 1
100808 1
100809 1
100810 1
100811 1
100812 1
100813 1
100814 1
100815 1
100816 1
100817 1
100818 1
100819 1
100820 1
100821 1
100822 1
100823 1
100824 1
100825 1
100826 1
100827 1
100828 1
100829 1
100830 1
100831 1
100832 1
100833 1
100834 1
100835 1
100836 1
100837 1
100838 1
100839 1
100840 1
100841 1
100842 1
100843 1
100844 1
100845 1
100846 1
100847 1
100848 1
100849 1
100850 1
100851 1
100852 1
100853 1
100854 1
100855 1
100856 1
100857 1
100858 1
100859 1
100860 1
100861 1
100862 1
100863 1
100864 1
100865 1
100866 1
100867 1
100868 1
100869 1
100870 1
100871 1
100872 1
100873 1
100874 1
100875 1
100876 1
100877 1
100878 1
100879 1
100880 1
100881 1
100882 1
100883 1
100884 1
100885 1
100886 1
100887 1
100888 1
100889 1
100890 1
100891 1
100892 1
100893 1
100894 1
100895 1
100896 1
100897 1
100898 1
100899 1
100900 1
100901 1
100902 1
100903 1
100904 1
100905 1
100906 1
100907 1
100908 1
100909 1
100910 1
100911 1
100912 1
100913 1
100914 1
100915 1
100916 1
100917 1
100918 1
100919 1
100920 1
100921 1
100922 1
100923 1
100924 1
100925 1
100926 1
100927 1
100928 1
100929 1
100930 1
100931 1
100932 1
100933 1
100934 1
100935 1
100936 1
100937 1
100938 1
100939 1
100940 1
100941 1
100942 1
100943 1
100944 1
100945 1
100946 1
100947 1
100948 1
100949 1
100950 1
100951 1
100952 1
100953 1
100954 1
100955 1
100956 1
100957 1
100958 1
100959 1
100960 1
100961 1
100962 1
100963 1
100964 1
100965 1
100966 1
100967 1
100968 1
100969 1
100970 1
100971 1
100972 1
100973 1
100974 1
100975 1
100976 1
100977 1
100978 1
100979 1
100980 1
100981 1
100982 1
100983 1
100984 1
100985 1
100986 1
100987 1
100988 1
100989 1
100990 1
100991 1
100992 1
100993 1
100994 1
100995 1
100996 1
100997 1
100998 1
