2716
1 1
2 2
4 4
8 8
16 16
32 32
64 64
128 128
256 256
512 512
1024 1024
2048 2048
4096 4096
16 1
8192 17
8192 273
8192 785
8192 1809
10001 10001
20002 20002
40004 40004
80008 80008
4 2
160016 6
160016 70
160016 343
160016 4439
160016 14440
160016 34442
160016 74446
234462 234462
17 6
468924 23
468924 151
468924 936
468924 5375
468924 25377
468924 105385
574309 574309
151 151
1148618 302
1148618 40306
70 6
1188924 76
1188924 861
1188924 2909
1188924 43215
1188924 203231
1188924 437693
8 2
1626617 10
1626617 161
1626617 504
1626617 2552
1626617 7927
1626617 113312
1626617 687621
4 1
2314238 5
2314238 28
2314238 104
2314238 447
2314238 3356
2314238 23358
2314238 183374
8 1
2497612 9
2497612 85
2497612 246
2497612 758
2497612 1782
2497612 27159
2497612 70374
2497612 539298
32 10
3036910 42
3036910 385
3036910 3294
3036910 13295
3036910 450988
17 2
3487898 19
3487898 61
3487898 222
3487898 734
3487898 4090
3487898 18530
3487898 98538
504 447
3586436 951
3586436 9143
3586436 478067
32 4
4064503 36
4064503 483
4064503 2531
4064503 29690
4064503 143002
4064503 830623
23358 104
4895126 23462
4895126 66677
4895126 754298
36 9
5649424 45
5649424 557
5649424 5932
5649424 545230
273 8
6194654 281
6194654 4720
6194654 34410
6194654 608719
45 6
6803373 51
6803373 836
6803373 14131
6803373 248593
483 70
7051966 553
7051966 1577
7051966 81585
7051966 912208
281 222
7964174 503
7964174 20505
7964174 774803
36 1
8738977 37
8738977 988
8738977 30678
8738977 861301
51 9
9600278 60
9600278 445
9600278 1469
273 5
9601747 278
9601747 2830
9601747 12831
9601747 216062
1024 23
9817809 1047
9817809 41353
9817809 902654
104 37
10720463 141
10720463 1188
10720463 28347
10720463 803150
278 151
11523613 429
11523613 2477
11523613 12478
11523613 55693
11523613 664412
222 8
12188025 230
12188025 8422
12188025 51637
12188025 529704
51 1
12717729 52
12717729 609
12717729 19139
12717729 179155
12717729 427748
161 4
13145477 165
13145477 1353
13145477 7285
13145477 694906
165 5
13840383 170
13840383 2722
13840383 17162
13840383 878463
278 2
14718846 280
14718846 5000
14718846 110385
14718846 358978
5375 128
15077824 5503
15077824 39945
15077824 734851
280 16
15812675 296
15812675 20298
15812675 379276
70 45
16191951 115
16191951 10116
16191951 65809
302 10
16257760 312
16257760 7597
16257760 485664
19 2
16743424 21
16743424 755
16743424 24217
16743424 719123
70 37
17462547 107
17462547 13402
17462547 196776
170 37
17659323 207
17659323 2016
17659323 439709
755 17
18099032 772
18099032 10888
18099032 923096
196776 183374
19022128 380150
539298 439709
19402278 979007
385 281
20381285 666
20381285 15106
20381285 374084
64 2
20755369 66
20755369 927
20755369 16033
20755369 995040
755 429
21750409 1184
21750409 7116
21750409 50331
21750409 973427
104 23
22723836 127
22723836 1936
22723836 721059
42 6
23444895 48
23444895 14488
23444895 749339
246 21
24194234 267
24194234 2315
24194234 32993
24194234 518657
666 512
24712891 1178
24712891 81186
24712891 329779
749339 248593
25042670 997932
429 230
26040602 659
26040602 24121
26040602 947217
1047 280
26987819 1327
26987819 12215
26987819 620934
1469 32
27608753 1501
27608753 375585
947217 1469
27984338 948686
620934 216062
28933024 836996
36 4
29770020 40
29770020 649
29770020 19788
29770020 794591
447 10
30564611 457
30564611 19596
30564611 268189
553 45
30832800 598
30832800 17760
273 141
30850560 414
30850560 56107
30850560 324296
427748 268189
31174856 695937
649 48
31870793 697
31870793 16730
31870793 712667
5932 512
32583460 6444
32583460 719111
659 1
33302571 660
33302571 26037
33302571 571267
13402 1782
33873838 15184
33873838 963870
70 2
34837708 72
34837708 16802
34837708 98387
571267 65809
34936095 637076
963870 2016
35573171 965886
666 61
36539057 727
36539057 4083
36539057 333862
312 9
36872919 321
36872919 3230
36872919 833853
66 2
37706772 68
37706772 25445
37706772 405595
165 8
38112367 173
38112367 8365
38112367 256958
151 2
38369325 153
38369325 9296
38369325 730355
10 4
39099680 14
39099680 4453
39099680 384603
81585 65809
39484283 147394
222 19
39631677 241
39631677 4337
39631677 725396
45 2
40357073 47
40357073 24168
40357073 358030
721059 147394
40715103 868453
1188 4
41583556 1192
41583556 12080
41583556 991087
8422 14
42574643 8436
42574643 393039
1178 278
42967682 1456
42967682 198232
107 4
43165914 111
43165914 19707
43165914 505371
457 5
43671285 462
43671285 6394
43671285 340256
620934 198232
44011541 819166
4096 173
44830707 4269
44830707 397308
76 21
45228015 97
45228015 2145
45228015 805295
19 1
46033310 20
46033310 12498
46033310 172514
8422 104
46205824 8526
46205824 191900
2830 280
46397724 3110
46397724 73484
6444 457
46471208 6901
46471208 190275
1809 61
46661483 1870
46661483 32548
414 8
46694031 422
46694031 17584
46694031 285773
296 1
46979804 297
46979804 13699
46979804 419294
10888 165
47399098 11053
47399098 268011
571267 285773
47667109 857040
2552 462
48524149 3014
48524149 383164
268011 98387
48907313 366398
343 9
49273711 352
49273711 10468
8365 429
49284179 8794
49284179 349050
503 47
49633229 550
49633229 216612
833853 10468
49849841 844321
405595 349050
50694162 754645
256958 216612
51448807 473570
128 20
51922377 148
51922377 9444
51922377 91029
12080 6444
52013406 18524
52013406 655600
457 85
52669006 542
52669006 24004
52669006 137316
85 4
52806322 89
52806322 2998
52806322 332777
529704 278
53139099 529982
256 10
53669081 266
53669081 5769
2722 927
53674850 3649
53674850 38091
53674850 323864
529982 393039
53998714 923021
755 16
54921735 771
54921735 204002
321 10
55125737 331
55125737 5331
55125737 345587
4720 107
55471324 4827
55471324 779630
539298 222
56250954 539520
397308 345587
56790474 742895
10468 148
57533369 10616
57533369 584925
64 1
58118294 65
58118294 16098
58118294 712035
153 6
58830329 159
58830329 451147
97 5
59281476 102
59281476 2247
59281476 174761
712035 190275
59456237 902310
60358547 47
285773 174761
60358594 460534
1353 36
60819128 1389
60819128 35831
60819128 321604
268011 47
61140732 268058
72 1
61408790 73
61408790 833926
51 4
62242716 55
62242716 4508
62242716 221120
366398 268058
62463836 634456
844321 73
63098292 844394
349050 221120
63942686 570170
861 161
64512856 1022
64512856 367420
1047 19
64880276 1066
64880276 205068
73 2
65085344 75
65085344 4171
65085344 841167
473570 367420
65926511 840990
205068 91029
66767501 296097
281 8
67063598 289
67063598 13120
153 47
67076718 200
67076718 8994
67076718 494658
332777 296097
67571376 628874
529982 13120
68200250 543102
5769 1
68743352 5770
68743352 500428
165 1
69243780 166
69243780 469090
85 2
69712870 87
69712870 5590
69712870 466124
216062 4720
70178994 220782
469090 345587
70399776 814677
230 9
71214453 239
71214453 11292
71214453 245754
539520 220782
71460207 760302
385 55
72220509 440
72220509 73924
1389 55
72294433 1444
72294433 347031
230 8
72641464 238
72641464 9682
72641464 988689
6394 21
73630153 6415
73630153 525072
347031 174761
74155225 521792
1444 312
74677017 1756
74677017 407351
525072 47
75084368 525119
521792 460534
75609487 982326
165 64
76591813 229
76591813 10845
76591813 245307
141 5
76837120 146
76837120 13548
76837120 793178
2552 273
77630298 2825
77630298 332604
245307 221120
77962902 466427
20505 385
78429329 20890
78429329 943986
1577 660
79373315 2237
79373315 176998
102 20
79550313 122
79550313 7719
79550313 552949
12080 3230
80103262 15310
80103262 311407
205068 176998
80414669 382066
87 9
80796735 96
80796735 7815
80796735 910469
664412 4337
81707204 668749
61 2
82375953 63
82375953 2615
82375953 194515
910469 13120
82570468 923589
3356 36
83494057 3392
83494057 163408
628874 194515
83657465 823389
256 8
84480854 264
84480854 466691
1024 9
84947545 1033
84947545 180188
128 16
85127733 144
85127733 3536
85127733 808831
9444 14
85936564 9458
85936564 449167
220782 180188
86385731 400970
2315 229
86786701 2544
86786701 139860
5932 273
86926561 6205
86926561 211273
76 5
87137834 81
87137834 8875
87137834 677624
21 14
87815458 35
87815458 2512
87815458 213785
347031 211273
88029243 558304
1870 32
88587547 1902
88587547 666314
6394 222
89253861 6616
89253861 255209
87 1
89509070 88
89509070 80096
173 8
89589166 181
89589166 73665
422 161
89662831 583
89662831 296680
4337 128
89959511 4465
89959511 578774
7285 281
90538285 7566
90538285 318973
385 10
90857258 395
90857258 21285
90857258 606210
578774 332604
91463468 911378
5000 72
92374846 5072
92374846 301752
104 36
92676598 140
92676598 4967
92676598 550197
5770 1022
93226795 6792
93226795 88377
8526 1782
93315172 10308
93315172 854702
1444 927
94169874 2371
94169874 377956
4465 4
94547830 4469
94547830 986795
4827 42
95534625 4869
95534625 765171
32 1
96299796 33
96299796 4753
96299796 563057
1047 76
96862853 1123
96862853 181311
42 2
97044164 44
97044164 205112
7597 758
97249276 8355
97249276 242817
2247 148
97492093 2395
97492093 521052
466691 205112
98013145 671803
457 1
98684948 458
98684948 15768
98684948 939357
1809 33
99624305 1842
99624305 846236
6901 758
100470541 7659
100470541 120971
70 1
100591512 71
100591512 340327
846236 139860
100931839 986096
211273 120971
101917935 332244
4171 151
102250179 4322
102250179 534304
2615 951
102784483 3566
102784483 716233
1184 122
103500716 1306
103500716 406901
2315 71
103907617 2386
103907617 200618
716233 255209
104108235 971442
3294 55
105079677 3349
10308 697
105083026 11005
105083026 790635
4090 755
105873661 4845
105873661 784475
574309 7815
106658136 582124
4171 52
107240260 4223
107240260 109608
5770 312
107349868 6082
107349868 390685
7815 23
107740553 7838
107740553 493502
352 9
108234055 361
108234055 4010
108234055 411361
6082 5
108645416 6087
108645416 457234
6444 758
109102650 7202
109102650 98231
2722 63
109200881 2785
109200881 782415
2395 97
109983296 2492
109983296 351542
3294 148
110334838 3442
110334838 85027
7815 16
110419865 7831
110419865 63938
2386 6
110483803 2392
110483803 914600
273 2
111398403 275
111398403 782690
268189 861
112181093 269050
1902 64
112450143 1966
112450143 673769
1902 88
113123912 1990
113123912 303742
671803 269050
113427654 940853
4337 71
114368507 4408
114368507 613127
2552 32
114981634 2584
114981634 149978
3536 331
115131612 3867
115131612 578176
697 19
115709788 716
115709788 469806
40 1
116179594 41
116179594 15351
116179594 652427
345587 81186
116832021 426773
4096 14
117258794 4110
358978 9682
117262904 368660
426773 406901
117631564 833674
721059 21
118465238 721080
1456 297
119186318 1753
119186318 856455
833674 3349
120042773 837023
6205 140
120879796 6345
120879796 511716
3392 462
121391512 3854
121391512 640930
923021 12478
122032442 935499
352 8
122967941 360
122967941 137676
936 1
123105617 937
123105617 31615
1327 41
123137232 1368
123137232 945354
1184 267
124082586 1451
124082586 65389
4010 1192
124147975 5202
34442 9143
124153177 43585
349050 15106
124196762 364156
351542 5202
124560918 356744
3649 385
124917662 4034
124917662 644964
364156 63938
125562626 428094
245307 26037
125990720 271344
943986 20
126262064 944006
428094 269050
127206070 697144
927 5
127903214 932
127903214 461466
3014 785
128364680 3799
128364680 764101
861 61
129128781 922
129128781 637998
5932 88
129766779 6020
129766779 590945
764101 149978
130357724 914079
1990 181
131271803 2171
131271803 732526
128 8
132004329 136
132004329 4644
132004329 60751
1192 81
132065080 1273
132065080 82858
23 2
132147938 25
132147938 9321
132147938 159299
2395 45
132307237 2440
132307237 581214
352 20
132888451 372
132888451 451519
3867 87
133339970 3954
133339970 509325
3867 102
133849295 3969
133849295 818646
823389 937
134667941 824326
1368 32
135492267 1400
135492267 862701
462 16
136354968 478
136354968 846714
3649 141
137201682 3790
137201682 465256
3536 73
137666938 3609
137666938 798200
296 19
138465138 315
138465138 500743
102 1
138965881 103
138965881 13223
2395 553
138979104 2948
138979104 259906
500743 65389
139239010 566132
16033 2392
139805142 18425
659 19
139823567 678
139823567 819844
6792 140
140643411 6932
140643411 446641
1066 20
141090052 1086
141090052 375170
3294 48
141465222 3342
141465222 464808
446641 428094
141930030 874735
82858 80008
142804765 162866
1577 1
142967631 1578
142967631 925167
609 4
143892798 613
143892798 571880
772 52
144464678 824
144464678 140684
1577 70
144605362 1647
144605362 689268
824 10
145294630 834
145294630 726230
590945 140684
146020860 731629
6345 42
146752489 6387
146752489 119699
1501 21
146872188 1522
146872188 458756
4869 122
147330944 4991
147330944 308733
1936 4
147639677 1940
147639677 202558
13402 35
147842235 13437
147842235 134408
660 44
147976643 704
147976643 406299
6932 89
148382942 7021
148382942 170429
68 1
148553371 69
148553371 160085
3790 35
148713456 3825
148713456 224945
824326 170429
148938401 994755
4753 81
149933156 4834
149933156 539138
1184 102
150472294 1286
150472294 71660
2825 111
150543954 2936
150543954 976363
6932 45
151520317 6977
151520317 853691
500743 71660
152374008 572403
557 10
152946411 567
152946411 505938
281 4
153452349 285
153452349 113597
2440 20
153565946 2460
153565946 654887
39945 771
154220833 40716
819844 113597
154261549 933441
2948 42
155194990 2990
155194990 101528
6901 170
155296518 7071
155296518 932238
914600 2
156228756 914602
2785 52
157143358 2837
157143358 976264
2615 122
158119622 2737
158119622 611456
2737 9
158731078 2746
158731078 839769
557 1
159570847 558
159570847 64496
2785 17
159635343 2802
159635343 752141
3867 51
160387484 3918
160387484 529037
726230 64496
160916521 790726
161707247 122
160016 5072
161707369 165088
659 4
161872457 663
161872457 765834
308733 122
162638291 308855
202558 165088
162947146 367646
5072 161
163314792 5233
163314792 416594
406299 308855
163731386 715154
50331 4096
164446540 54427
1966 37
164500967 2003
164500967 93032
449167 7285
164593999 456452
5375 222
165050451 5597
165050451 49182
539138 93032
165099633 632170
456452 71660
165731803 528112
2371 6
166259915 2377
166259915 541897
181 16
166801812 197
166801812 485861
2552 1188
167287673 3740
167287673 616867
1123 8
167904540 1131
167904540 564188
8355 159
168468728 8514
168468728 599459
385 25
169068187 410
169068187 271754
564188 40716
169339941 604904
49182 70
169944845 49252
10468 704
169994097 11172
169994097 889635
1809 48
170883732 1857
170883732 53494
914602 49252
170937226 963854
181 4
171901080 185
171901080 382251
611456 53494
172283331 664950
988 14
172948281 1002
172948281 319975
382251 64496
173268256 446747
933441 2
173715003 933443
1192 16
174648446 1208
174648446 365364
1647 37
175013810 1684
175013810 753825
122 1
175767635 123
175767635 933566
462 9
176701201 471
176701201 530453
518657 1002
177231654 519659
4096 32
177751313 4128
177751313 758773
530453 367646
178510086 898099
1086 1
179408185 1087
179408185 452606
352 6
179860791 358
179860791 473928
2171 17
180334719 2188
180334719 468879
452606 93032
180803598 545638
473928 456452
181349236 930380
511716 6345
182279616 518061
113312 64496
182797677 177808
1400 17
182975485 1417
182975485 974844
1966 36
183950329 2002
183950329 576311
861 6
184526640 867
184526640 180022
758 8
184706662 766
184706662 591711
598 41
185298373 639
185298373 140499
599459 180022
185438872 779481
504 37
186218353 541
186218353 379817
1809 40
186598170 1849
186598170 261755
4753 5
186859925 4758
186859925 345085
385 17
187205010 402
187205010 269452
308855 6394
187474462 315249
308855 85
187789711 308940
382251 269452
188098651 651703
1870 23
188750354 1893
188750354 496551
2237 28
189246905 2265
189246905 145267
1647 28
189392172 1675
189392172 614802
427748 2247
190006974 429995
1306 1
190436969 1307
190436969 510632
937 44
190947601 981
190947601 368627
4508 75
191316228 4583
191316228 363561
361 8
191679789 369
191679789 41085
3649 20
191720874 3669
191720874 404639
1353 10
192125513 1363
192125513 122334
2909 21
192247847 2930
192247847 455536
452606 404639
192703383 857245
2188 41
193560628 2229
193560628 112614
468879 455536
193673242 924415
4337 296
194597657 4633
194597657 919235
1033 9
195516892 1042
195516892 559346
25 2
196076238 27
196076238 10143
196076238 958829
267 1
197035067 268
197035067 613395
3669 68
197648462 3737
197648462 534190
1086 75
198182652 1161
198182652 51492
793178 239
198234144 793417
1307 16
199027561 1323
199027561 642253
694906 13437
199669814 708343
85027 4223
200378157 89250
4110 9
200467407 4119
200467407 538423
708343 261755
201005830 970098
4337 4
201975928 4341
201975928 434336
538423 269452
202410264 807875
3392 107
203218139 3499
203218139 801699
2615 55
204019838 2670
204019838 259628
974844 1087
204279466 975931
1522 48
205255397 1570
205255397 298250
404639 256
205553647 404895
529982 60751
205958542 590733
429995 298250
206549275 728245
914600 927
207277520 915527
1753 32
208193047 1785
208193047 475713
1940 8
208668760 1948
208668760 608158
915527 41085
209276918 956612
475713 404639
210233530 880352
136 2
211113882 138
211113882 730493
3294 40
211844375 3334
211844375 928501
5331 25
212772876 5356
212772876 253949
471 10
213026825 481
213026825 359459
6087 115
213386284 6202
213386284 852916
689268 268
214239200 689536
2998 281
214928736 3279
214928736 918806
3799 2
215847542 3801
215847542 328097
1178 1
216175639 1179
216175639 302931
3442 20
216478570 3462
216478570 969348
328097 51492
217447918 379589
3294 23
217827507 3317
217827507 96349
5597 23
217923856 5620
217923856 127954
2837 68
218051810 2905
218051810 87932
4720 87
218139742 4807
218139742 701951
666314 63
218841693 666377
574309 73
219508070 574382
1870 9
220082452 1879
220082452 136287
986096 4508
220218739 990604
471 25
221209343 496
221209343 376081
379817 16098
221585424 395915
965886 649
221981339 966535
395 14
222947874 409
222947874 190684
2584 27
223138558 2611
223138558 800811
136 1
223939369 137
223939369 73621
918806 123
224012990 918929
715154 1184
224931919 716338
65389 297
225648257 65686
525072 2016
225713943 527088
5770 159
226241031 5929
226241031 189303
880352 65686
226430334 946038
7831 268
227376372 8099
227376372 773933
1966 20
228150305 1986
228150305 634156
716338 1
228784461 716339
5375 63
229500800 5438
229500800 133392
1192 19
229634192 1211
229634192 487072
466691 455536
230121264 922227
2395 23
231043491 2418
231043491 568550
1675 68
231612041 1743
231612041 331522
207 6
231943563 213
231943563 225158
755 2
232168721 757
232168721 54251
379589 331522
232222972 711111
837023 836
232934083 837859
127954 54251
233771942 182205
146 1
233954147 147
233954147 315396
289 2
234269543 291
234269543 539811
772 6
234809354 778
234809354 364934
574382 315396
235174288 889778
191900 550
236064066 192450
3969 27
236256516 3996
236256516 355538
2531 51
236612054 2582
236612054 782212
3356 85
237394266 3441
237394266 588366
837859 567
237982632 838426
782212 190684
238821058 972896
2830 45
239793954 2875
239793954 905529
910469 1578
240699483 912047
732526 159299
241611530 891825
133392 4827
242503355 138219
976264 1469
242641574 977733
1647 52
243619307 1699
243619307 935265
189303 138219
244554572 327522
439709 414
244882094 440123
372 20
245322217 392
245322217 225550
2315 2
245547767 2317
245547767 478030
1002 9
246025797 1011
246025797 672814
558 2
246698611 560
246698611 875295
1208 25
247573906 1233
247573906 965103
109608 1785
248539009 111393
958829 1368
248650402 960197
4119 27
249610599 4146
249610599 812977
225158 111393
250423576 336551
14440 8
250760127 14448
2145 151
250774575 2296
250774575 524088
1211 16
251298663 1227
251298663 690763
321 17
251989426 338
251989426 713005
524088 315396
252702431 839484
4010 21
253541915 4031
253541915 746926
3442 51
254288841 3493
254288841 77939
302 6
254366780 308
254366780 245615
939357 19
254612395 939376
3462 21
255551771 3483
255551771 433478
23358 4469
255985249 27827
40004 4090
256013076 44094
3740 41
256057170 3781
256057170 788256
704 19
256845426 723
948686 937
256846149 949623
2998 161
257795772 3159
257795772 700303
1522 27
258496075 1549
258496075 408900
2802 14
258904975 2816
258904975 87843
1936 2
258992818 1938
258992818 194388
2998 275
259187206 3273
259187206 860518
563057 368660
260047724 931717
834 51
260979441 885
260979441 150863
1033 8
261130304 1041
261130304 86068
834 14
261216372 848
261216372 409748
321604 18425
261626120 340029
475713 2002
261966149 477715
1417 8
262443864 1425
262443864 891203
451147 275
263335067 451422
200 20
263786489 220
263786489 437913
701951 2229
264224402 704180
303742 583
264928582 304325
437913 14448
265232907 452361
713005 31615
265685268 744620
785 23
266429888 808
266429888 511440
4090 5
266941328 4095
266941328 681719
88377 12080
267623047 100457
1400 8
267723504 1408
267723504 258366
758773 885
267981870 759658
332777 13295
268741528 346072
1086 4
269087600 1090
269087600 714095
1131 14
269801695 1145
269801695 709488
359459 14440
270511183 373899
714095 44094
270885082 758189
485664 12080
271643271 497744
1192 4
272141015 1196
272141015 890974
3536 97
273031989 3633
273031989 707813
302 2
273739802 304
273739802 714399
1577 47
274454201 1624
274454201 299874
560 41
274754075 601
274754075 312008
5770 75
275066083 5845
275066083 425139
2948 27
275491222 2975
275491222 676744
414 5
276167966 419
276167966 760077
1323 2
276928043 1325
276928043 92354
2492 19
277020397 2511
277020397 762813
4453 5
277783210 4458
277783210 686177
377956 54427
278469387 432383
5929 137
278901770 6066
278901770 240528
574382 2998
279142298 577380
2830 19
279719678 2849
279719678 400157
194515 278
280119835 194793
784475 13437
280314628 797912
364156 340327
281112540 704483
143002 20505
281817023 163507
54427 4458
281980530 58885
2016 122
282039415 2138
282039415 215923
784475 60751
282255338 845226
100457 58885
283100564 159342
552949 437693
283259906 990642
264 1
284250548 265
284250548 121236
284250548 143002
704180 557
284393550 704737
45 1
285098287 46
285098287 347077
911378 639
285445364 912017
460534 2392
286357381 462926
497744 347077
286820307 844821
1286 6
287665128 1292
287665128 802991
867 47
288468119 914
288468119 687091
1123 4
289155210 1127
289155210 75573
534190 85027
289230783 619217
3669 66
289850000 3735
289850000 515451
256 6
290365451 262
290365451 17064
10143 46
290382515 10189
290382515 295962
3740 35
290678477 3775
290678477 275529
105385 4034
290954006 109419
704 41
291063425 745
291063425 575127
686177 275529
291638552 961706
2003 44
292600258 2047
292600258 58154
483 2
292658412 485
292658412 332007
54251 1188
292990419 55439
1042 36
293045858 1078
293045858 458312
1647 35
293504170 1682
293504170 526801
1042 1
294030971 1043
294030971 369703
1522 1
294400674 1523
294400674 679147
1523 25
295079821 1548
295079821 206660
369703 58885
295286481 428588
411361 61
295715069 411422
241 8
296126491 249
296126491 51886
100457 3825
296178377 104282
1090 4
296282659 1094
296282659 402064
121236 51886
296684723 173122
3669 45
296857845 3714
296857845 126048
1408 8
296983893 1416
296983893 106801
518061 2138
297090694 520199
32993 5072
297610893 38065
10 2
297648958 12
297648958 86080
1011 10
297735038 1021
297735038 881373
840990 66
298616411 841056
687091 86080
299457467 773171
3483 9
300230638 3492
300230638 473298
974844 1782
300703936 976626
1809 16
301680562 1825
301680562 804975
6345 369
302485537 6714
784475 4465
302492251 788940
80008 496
303281191 80504
109419 6714
303361695 116133
504 2
303477828 506
303477828 364067
550197 8365
303841895 558562
1094 10
304400457 1104
304400457 690640
1145 8
305091097 1153
305091097 212426
2395 4
305303523 2399
305303523 130353
451519 213785
305433876 665304
369 1
306099180 370
306099180 255579
11053 5356
306354759 16409
4119 5
306371168 4124
306371168 344451
458756 3483
306715619 462239
428588 16409
307177858 444997
753825 2048
307622855 755873
510632 3493
308378728 514125
3633 9
308892853 3642
308892853 549280
512 9
309442133 521
309442133 674290
203231 369
310116423 203600
189303 2377
310320023 191680
674290 106801
310511703 781091
5620 69
311292794 5689
311292794 240151
4171 25
311532945 4196
311532945 229746
358 1
311762691 359
311762691 383523
772 28
312146214 800
312146214 637876
584925 2229
312784090 587154
229 4
313371244 233
313371244 673047
785 4
314044291 789
314044291 111174
80096 36
314155465 80132
468879 9143
314235597 478022
116133 1756
314713619 117889
788940 80132
314831508 869072
422 10
315700580 432
315700580 74878
1033 2
315775458 1035
315775458 750374
151 1
316525832 152
316525832 749491
558562 74878
317275323 633440
745 9
317908763 754
317908763 957366
207 5
318866129 212
318866129 961918
174761 105385
319828047 280146
1699 37
320108193 1736
320108193 622670
216612 885
320730863 217497
296097 458
320948360 296555
5331 75
321244915 5406
321244915 483473
567 23
321728388 590
321728388 679737
444997 296555
322408125 741552
1042 12
323149677 1054
323149677 755699
716 10
323905376 726
323905376 710214
803150 4034
324615590 807184
1400 1
325422774 1401
325422774 429989
710214 203600
325852763 913814
1090 2
326766577 1092
326766577 515217
1196 6
327281794 1202
327281794 727432
1549 20
328009226 1569
328009226 670318
744620 343
328679544 744963
567 4
329424507 571
329424507 110956
3867 2
329535463 3869
329535463 308194
1753 2
329843657 1755
329843657 848469
673047 110956
330692126 784003
935499 222
331476129 935721
97 4
332411850 101
332411850 928602
3566 8
333340452 3574
333340452 778377
559346 10616
334118829 569962
2016 2
334688791 2018
334688791 314026
778377 74878
335002817 853255
319975 361
335856072 320336
58885 4633
336176408 63518
485861 834
336239926 486695
485861 308194
336726621 794055
55 4
337520676 59
337520676 25436
177808 105385
337546112 283193
409748 6977
337829305 416725
758773 512
338246030 759285
296555 283193
339005315 579748
2048 52
339585063 2100
339585063 900199
5590 161
340485262 5751
340485262 955374
613 17
341440636 630
341440636 837653
654887 1011
342278289 655898
665304 285
342934187 665589
160085 1104
343599776 161189
848 12
343760965 860
343760965 85887
2722 1
343846852 2723
343846852 95755
515217 161189
343942607 676406
324296 5375
344619013 329671
765834 239
344948684 766073
666377 271344
345714757 937721
361 6
346652478 367
346652478 956979
2237 17
347609457 2254
347609457 590620
784003 2188
348200077 786191
6087 44
348986268 6131
348986268 740982
1208 14
349727250 1222
349727250 526341
1389 10
350253591 1399
350253591 231145
31615 4096
350484736 35711
1179 20
350520447 1199
350520447 612655
60751 772
351133102 61523
853255 35711
351194625 888966
170 6
352083591 176
352083591 449343
63518 61523
352532934 125041
744620 147394
352657975 892014
571 10
353549989 581
353549989 243398
664950 1879
353793387 666829
445 1
354460216 446
354460216 175207
4171 55
354635423 4226
354635423 660124
365364 60751
355295547 426115
753825 1131
355721662 754956
74446 2229
356476618 76675
888966 8875
356553293 897841
2100 60
357451134 2160
357451134 108961
732526 47
357560095 732573
497744 65686
358292668 563430
161189 108961
358856098 270150
936 14
359126248 950
359126248 334812
175207 331
359461060 175538
935265 11292
359636598 946557
639 8
360583155 647
360583155 180835
940853 758
360763990 941611
471 2
361705601 473
361705601 400630
138 1
362106231 139
362106231 137815
4469 20
362244046 4489
362244046 48583
701951 1222
362292629 703173
2100 10
362995802 2110
362995802 395149
246 1
363390951 247
363390951 91276
449343 1327
363482227 450670
861 5
363932897 866
363932897 430861
703173 758
364363758 703931
511716 478
365067689 512194
848 6
365579883 854
365579883 319827
2395 17
365899710 2412
365899710 153275
637076 159
366052985 637235
757 4
366690220 761
366690220 728193
911378 1647
367418413 913025
571 2
368331438 573
368331438 820417
745 2
369151855 747
369151855 903401
745 1
370055256 746
370055256 573149
762813 71
370628405 762884
1578 9
371391289 1587
371391289 174709
86080 80096
371565998 166176
660124 601
371732174 660725
174709 108961
372392899 283670
411361 3740
372676569 415101
2990 46
373091670 3036
373091670 224156
3493 2
373315826 3495
373315826 70172
749491 422
373385998 749913
397308 2386
374135911 399694
2611 17
374535605 2628
374535605 533081
352 2
375068686 354
375068686 447101
856455 1202
375515787 857657
933566 146
376373444 933712
447101 137815
377307156 584916
3294 5
377892072 3299
377892072 422593
2412 17
378314665 2429
378314665 636885
976264 3801
378951550 980065
512194 1675
379931615 513869
1456 20
380445484 1476
380445484 87556
409748 1178
380533040 410926
1578 2
380943966 1580
380943966 734153
599459 291
381678119 599750
1327 25
382277869 1352
382277869 247106
1699 17
382524975 1716
382524975 403780
752141 1196
382928755 753337
728193 247106
383682092 975299
1408 1
384657391 1409
384657391 316805
854 2
384974196 856
384974196 90106
2003 10
385064302 2013
385064302 395052
406299 8
385459354 406307
762884 90106
385865661 852990
568550 1211
386718651 569761
88377 458
387288412 88835
512194 1522
387377247 513716
368660 1123
387890963 369783
3159 35
388260746 3194
388260746 503937
253949 275
388764683 254224
439709 247
389018907 439956
240151 13699
389458863 253850
4090 4
389712713 4094
389712713 170270
487072 2317
389882983 489389
666 25
390372372 691
390372372 217303
403780 140499
390589675 544279
406299 16802
391133954 423101
800811 1408
391557055 802219
544279 422593
392359274 966872
576311 28
393326146 576339
385 2
393902485 387
393902485 298637
2048 6
394201122 2054
394201122 997094
180188 59
395198216 180247
225158 757
395378463 225915
730493 754
395604378 731247
295962 387
396335625 296349
247106 225915
396631974 473021
644964 6415
397104995 651379
49182 504
397756374 49686
789 14
397806060 803
397806060 964673
1054 9
398770733 1063
398770733 484536
137316 2477
399255269 139793
359459 266
399395062 359725
289 5
399754787 294
399754787 407195
349050 160085
400161982 509135
836 6
400671117 842
400671117 445839
1368 5
401116956 1373
401116956 496031
20002 2849
401612987 22851
447 5
401635838 452
401635838 331974
503937 496031
401967812 999968
793417 10
402967780 793427
2492 17
403761207 2509
403761207 288282
4096 1
404049489 4097
404049489 770170
793427 170270
404819659 963697
2849 20
405783356 2869
405783356 777672
678 1
406561028 679
406561028 987474
24168 161
407548502 24329
712667 4458
407572831 717125
747 6
408289956 753
408289956 789693
988689 2512
409079649 991201
4753 429
410070850 5182
410070850 293464
392 6
410364314 398
410364314 88330
704 6
410452644 710
410452644 504647
473570 141
410957291 473711
314026 220
411431002 314246
527088 225158
411745248 752246
765834 4226
412497494 770060
679 9
413267554 688
413267554 303619
1549 12
413571173 1561
413571173 403625
333862 2237
413974798 336099
782415 2229
414310897 784644
742895 145267
415095541 888162
991201 1043
415983703 992244
143002 1368
416975947 144370
293464 1893
417120317 295357
500428 951
417415674 501379
1153 23
417917053 1176
417917053 106561
3392 23
418023614 3415
418023614 307740
38091 2492
418331354 40583
437693 842
418371937 438535
298250 9458
418810472 307708
793427 40583
419118180 834010
411422 315396
419952190 726818
1202 2
420679008 1204
420679008 77879
33 1
420756887 34
420756887 314060
503937 553
421070947 504490
856 1
421575437 857
421575437 65353
331974 6415
421640790 338389
166176 55439
421979179 221615
366398 5000
422200794 371398
845226 716
422572192 845942
30678 754
423418134 31432
253541915 170883732
261755 88835
424425647 350590
17760 3735
424776237 21495
719123 87556
424797732 806679
1307 1
425604411 1308
425604411 102836
824 6
425707247 830
425707247 791556
106561 3737
426498803 110298
1307 12
426609101 1319
426609101 22814
637876 6131
426631915 644007
410926 369
427275922 411295
411295 16033
427687217 427328
1736 4
428114545 1740
428114545 152603
411295 144370
428267148 555665
140499 98538
428822813 239037
501379 152603
429061850 653982
176998 1580
429715832 178578
545230 1548
429894410 546778
4223 34
430441188 4257
430441188 210917
616867 246
430652105 617113
852916 1570
431269218 854486
1902 32
432123704 1934
432123704 561280
2584 42
432684984 2626
432684984 860283
932238 127
433545267 932365
875295 45
434477632 875340
806679 74446
435352972 881125
513716 354
436234097 514070
1809 27
436748167 1836
436748167 730081
1966 14
437478248 1980
437478248 619093
881373 4096
438097341 885469
92354 21
438982810 92375
619093 31432
439075185 650525
375585 2317
439725710 377902
350590 92375
440103612 442965
650525 21495
440546577 672020
1202 5
441218597 1207
441218597 184581
630 1
441403178 631
441403178 62154
885 36
441465332 921
441465332 979928
807875 3356
442445260 811231
599750 1570
443256491 601320
137676 2611
443857811 140287
204002 18524
443998098 222526
26037 2611
444220624 28648
152603 140287
444249272 292890
1078 1
444542162 1079
444542162 294543
239037 28648
444836705 267685
458756 4469
445104390 463225
469090 4031
445567615 473121
1035 1
446040736 1036
446040736 330815
463225 210917
446371551 674142
372 5
447045693 377
447045693 606587
716 5
447652280 721
447652280 185302
951 9
447837582 960
447837582 235422
466124 746
448073004 466870
632170 1849
448539874 634019
617113 10001
449173893 627114
862701 1647
449801007 864348
28 2
450665355 30
450665355 664442
652427 221120
451329797 873547
473298 10143
452203344 483441
452 2
452686785 454
452686785 66263
965886 37
452753048 965923
5331 23
453718971 5354
453718971 650318
377902 66263
454369289 444165
925167 73
454813454 925240
838426 264
455738694 838690
613395 15351
456577384 628746
2315 52
457206130 2367
457206130 503746
3869 73
457709876 3942
457709876 818619
439956 21
458528495 439977
778 6
458968472 784
458968472 105066
473021 2237
459073538 475258
1756 23
459548796 1779
459548796 662504
121236 12478
460211300 133714
765834 2315
460345014 768149
956979 68
461113163 957047
2188 37
462070210 2225
462070210 917752
231145 229
462987962 231374
946038 483
463219336 946521
1456 5
464165857 1461
464165857 248567
674142 231374
464414424 905516
552949 159
465319940 553108
949623 598
465873048 950221
1389 4
466823269 1393
466823269 657291
2018 8
467480560 2026
467480560 536330
100457 136
468016890 100593
734 1
468117483 735
468117483 284405
400630 48
468401888 400678
664442 100593
468802566 765035
377956 296349
469567601 674305
312 2
470241906 314
470241906 400471
347077 573
470642377 347650
3299 6
470990027 3305
470990027 156580
50331 458
471146607 50789
788940 2875
471197396 791815
233 2
471989211 235
471989211 81820
881125 8355
472071031 889480
347077 73484
472960511 420561
630 12
473381072 642
473381072 585567
220782 3669
473966639 224451
808 1
474191090 809
474191090 376890
321 4
474567980 325
474567980 206985
475258 224451
474774965 699709
1286 17
475474674 1303
475474674 39394
372 1
475514068 373
475514068 340700
466870 988
475854768 467858
511716 1078
476322626 512794
774803 1
476835420 774804
1785 14
477610224 1799
477610224 215584
367 1
477825808 368
477825808 975667
197 6
478801475 203
478801475 539723
128 2
479341198 130
479341198 121101
528112 663
479462299 528775
6131 166
479991074 6297
200 1
479997371 201
479997371 294744
241 2
480292115 243
480292115 581457
106801 89
480873572 106890
56107 39394
480980462 95501
975931 6205
481075963 982136
364156 24121
482058099 388277
674305 95501
482446376 769806
898099 860
483216182 898959
388277 347650
484115141 735927
769806 156580
484851068 926386
836 9
485777454 845
485777454 466101
526341 1401
486243555 527742
7927 280
486771297 8207
350590 4991
486779504 355581
420561 44094
487135085 464655
512 6
487599740 518
487599740 110126
96349 35
487709866 96384
731247 110298
487806250 841545
206985 110126
488647795 317111
210917 101528
488964906 312445
1373 4
489277351 1377
489277351 397292
173122 1041
489674643 174163
296555 101
489848806 296656
321 2
490145462 323
490145462 426438
948686 281
490571900 948967
512194 46
491520867 512240
402064 41
492033107 402105
4991 52
492435212 5043
512240 121101
492440255 633341
446747 485
493073596 447232
11292 48
493520828 11340
926386 1699
493532168 928085
28648 41
494460253 28689
113597 4633
494488942 118230
23358 229
494607172 23587
527088 89
494630759 527177
22851 8
495157936 22859
495157936 332604
423101 3036
495490540 426137
735927 22859
495916677 758786
235422 710
496675463 236132
1233 6
496911595 1239
496911595 408590
758786 44094
497320185 802880
759658 1033
498123065 760691
