1707
1 1
2 1
3 3
6 1
7 7
14 1
15 15
30 1
31 31
62 1
63 63
126 1
127 127
254 1
255 255
510 1
511 511
1022 1
1023 1023
2046 1
2047 2047
4094 1
4095 4095
8190 1
8191 8191
16382 1
16383 16383
32766 1
32767 32767
65534 1
65535 65535
131070 1
15 3
131071 18
131071 145
131071 656
131071 17039
7 1
148110 8
148110 26
148110 57
148110 120
148110 375
148110 1398
148110 3445
148110 7540
148110 15731
148110 48498
148110 114033
262143 262143
524286 1
524287 524287
1048574 1
26 2
1048575 28
1048575 91
1048575 466
1048575 2513
1048575 10704
1048575 43471
1048575 109006
1048575 633293
18 6
1681868 24
1681868 279
1681868 935
1681868 5030
1681868 153140
1681868 415283
15 7
2097151 22
2097151 113
2097151 4208
2097151 47679
2097151 200819
2097151 1249394
30 24
3346545 54
3346545 429
3346545 2942
3346545 13646
3346545 214465
3346545 847758
4194303 4194303
8388606 1
15 1
8388607 16
8388607 47
8388607 703
8388607 4911
8388607 135982
18 1
8524589 19
8524589 448
8524589 1846
8524589 10037
8524589 27076
8524589 92611
8524589 507894
8524589 4702197
63 7
13226786 70
13226786 215
13226786 17254
13226786 82789
13226786 930547
13226786 3027698
22 1
16254484 23
16254484 168
16254484 1191
16254484 14837
16254484 522731
70 18
16777215 88
16777215 599
16777215 415882
16777215 4610185
28 15
21387400 43
21387400 47722
62 18
21435122 80
21435122 1478
21435122 6508
21435122 422390
26 1
21857512 27
21857512 3472
21857512 30548
21857512 292691
21857512 1974559
429 7
23832071 436
23832071 16167
23832071 108778
23832071 1039325
168 43
24871396 211
24871396 2258
24871396 19512
24871396 281655
24871396 2378806
656 30
27250202 686
27250202 11390
27250202 76925
27250202 1125500
279 8
28375702 287
28375702 3229
28375702 30305
28375702 244770
28375702 1494164
145 62
29869866 207
29869866 2720
29869866 1042045
91 2
30911911 93
30911911 1571
30911911 263714
30911911 2642520
126 30
33554431 156
33554431 859
33554431 7367
33554431 90156
33554431 2732676
19 2
36287107 21
36287107 3466
36287107 296157
36287107 3323855
57 2
39610962 59
39610962 4267
39610962 4198570
1022 156
43809532 1178
43809532 6208
43809532 38975
43809532 192115
43809532 825408
215 22
44634940 237
44634940 1808
44634940 193923
44634940 3540468
127 54
48175408 181
48175408 2228
48175408 21740
287 2
48197148 289
48197148 13935
48197148 310092
703 211
48507240 914
48507240 12304
48507240 104915
48507240 2483721
48507240 15710507
168 18
64217747 186
64217747 3128
64217747 299285
1808 27
64517032 1835
64517032 21347
64517032 331439
63 1
64848471 64
64848471 10101
64848471 163241
64848471 2260392
375 59
67108863 434
67108863 3906
67108863 152016
67108863 4854213
859 88
71963076 947
71963076 9138
71963076 223603
71963076 1905471
47 3
73868547 50
73868547 339
73868547 19851
73868547 183092
429 16
74051639 445
74051639 5475
74051639 119508
74051639 2094067
54 1
76145706 55
76145706 2313
76145706 92469
215 26
76238175 241
76238175 4508
76238175 81433
76238175 3109131
4267 54
79347306 4321
79347306 87110
79347306 2347502
10704 211
81694808 10915
81694808 274629
81694808 4473199
914 16
86168007 930
86168007 18184
86168007 3342039
113 2
89510046 115
89510046 3057
89510046 24797
436 126
89534843 562
89534843 12866
89534843 537153
64 15
90071996 79
90071996 1925
90071996 121433
215 14
90193429 229
90193429 18413
90193429 181654
90193429 1431048
70 6
91624477 76
91624477 2123
91624477 67658
91624477 1116233
91624477 5970446
241 8
97594923 249
97594923 5279
97594923 72937
3128 434
97667860 3562
97667860 96173
97667860 729466
93 31
98397326 124
98397326 827
98397326 12217
98397326 536504
98397326 5390717
289 23
103788043 312
103788043 87422
103788043 624575
1178 434
104412618 1612
104412618 74549
104412618 496939
91 1
104909557 92
104909557 795
104909557 7303
104909557 2386109
2513 21
107295666 2534
107295666 46005
107295666 4748202
656 19
112043868 675
112043868 7183
112043868 640476
466 14
112684344 480
112684344 8020
112684344 161160
112684344 1410554
112684344 7381000
2534 88
120065344 2622
120065344 70280
120065344 607433
10915 279
120672777 11194
120672777 519088
466 54
121191865 520
121191865 5995
121191865 38762
121191865 370201
1023 47
121562066 1070
121562066 193185
121562066 1875053
2258 27
123437119 2285
123437119 521373
123437119 5912090
2622 215
129349209 2837
129349209 295528
129349209 3835996
2534 21
133185205 2555
133185205 35322
133185205 883080
511 2
134068285 513
134068285 33280
2123 6
134101565 2129
134101565 116162
93 14
134217727 107
134217727 15838
134217727 179079
134217727 1673243
1846 26
135890970 1872
135890970 37194
135890970 920274
3057 21
136811244 3078
136811244 30154
168 30
136841398 198
136841398 12502
136841398 61000
136841398 2544721
5995 1835
139386119 7830
139386119 2104981
289 127
141491100 416
141491100 33183
141491100 673659
1478 1178
142164759 2656
142164759 51154
142164759 2693674
156 6
144858433 162
144858433 4068
144858433 55222
859 7
144913655 866
144913655 52020
144913655 1957491
375 31
146871146 406
146871146 15243
146871146 1920714
2656 22
148791860 2678
148791860 111684
148791860 1605848
339 255
150397708 594
150397708 33874
150397708 4644059
7830 2
155041767 7832
155041767 160972
914 26
155202739 940
155202739 28016
155202739 359455
10037 211
155562194 10248
445 16
155572442 461
155572442 116623
155572442 3657091
914 406
159229533 1320
159229533 47325
159229533 2592046
339 26
161821579 365
161821579 8556
161821579 253326
161821579 4451896
562 30
166273475 592
166273475 17846
166273475 2365348
2123 50
168638823 2173
168638823 63173
168638823 2037732
32766 947
170676555 33713
170676555 2517434
2047 255
173193989 2302
173193989 94913
173193989 1589077
2046 562
174783066 2608
174783066 57830
255 18
174840896 273
174840896 16656
174840896 326748
2285 7
175167644 2292
175167644 185384
31 3
175353028 34
175353028 1354
175353028 64527
175353028 1670375
145 7
177023403 152
177023403 9290
177023403 1914761
107 2
178938164 109
178938164 9399
178938164 1691267
2302 520
180629431 2822
180629431 85611
180629431 1579775
198 26
182209206 224
182209206 148334
182209206 1397728
181 1
183606934 182
183606934 5461
183606934 925735
914 1
184532669 915
184532669 31463
184532669 2136444
59 16
186669113 75
186669113 3304
186669113 42279
186669113 464669
599 1
187133782 600
187133782 48322
187133782 1173822
416 1
188307604 417
188307604 96590
188307604 1787857
30548 2292
190095461 32840
190095461 3868836
19 1
193964297 20
193964297 1945
193964297 59775
193964297 596928
1945 8
194561225 1953
194561225 84742
194561225 4938955
1953 91
199500180 2044
199500180 26841
199500180 1632689
466 18
201132869 484
201132869 85226
201132869 1015773
1070 417
202148642 1487
202148642 29503
202148642 1203325
186 8
203351967 194
203351967 3756
203351967 227359
124 7
203579326 131
203579326 19982
203579326 2537416
4208 287
206116742 4495
206116742 249265
2047 93
206366007 2140
206366007 185232
206366007 2917908
599 34
209283915 633
209283915 153773
1478 50
209437688 1528
209437688 36850
209437688 1240175
795 19
210677863 814
210677863 97404
210677863 3206535
703 600
213884398 1303
213884398 26100
213884398 490769
33183 8190
214375167 41373
214375167 1535537
2313 15
215910704 2328
215910704 24068
215910704 697727
8191 1303
216608431 9494
216608431 834902
216608431 6805348
1191 59
223413779 1250
223413779 106165
223413779 5496882
484 24
228910661 508
228910661 49006
228910661 1836863
703 3
230747524 706
230747524 1411260
34 3
232158784 37
232158784 61037
26100 47
232219821 26147
232219821 2412256
1070 80
234632077 1150
234632077 21132
234632077 3367677
1612 126
237999754 1738
237999754 635031
131 19
238634785 150
238634785 85761
238634785 2222205
4321 107
240856990 4428
240856990 189812
15731 47
241046802 15778
241046802 4214348
2942 59
245261150 3001
245261150 540154
245261150 6510600
2140 814
251771750 2954
251771750 138936
251771750 4007772
10037 508
255779522 10545
255779522 845447
2228 15
256624969 2243
256624969 54263
256624969 2190707
255 6
258815676 261
258815676 73198
258815676 3942034
12866 10037
262757710 22903
262757710 445293
375 20
263203003 395
263203003 883475
62 6
264086478 68
264086478 31531
264086478 571685
4094 91
264658163 4185
264658163 1046230
1023 273
265704393 1296
265704393 164537
21740 64
265868930 21804
265868930 2566525
10248 2047
268435455 12295
268435455 685954
513 43
269121409 556
269121409 7064
269121409 2393173
1953 59
271514582 2012
271514582 301297
215 8
271815879 223
271815879 15060
271815879 862818
1528 23
272678697 1551
272678697 328299
272678697 5267254
859 47
277945951 906
277945951 39881
277945951 3246416
600 3
281192367 603
281192367 299888
11194 365
281492255 11559
281492255 1886612
17846 6208
283378867 24054
283378867 753520
3466 2123
284132387 5589
284132387 127022
284132387 4341370
31463 198
288473757 31661
288473757 2253866
940 18
290727623 958
290727623 19371
290727623 902846
13646 859
291630469 14505
291630469 436895
1487 34
292067364 1521
292067364 44992
292067364 5312246
168 7
297379610 175
297379610 920449
436 22
298300059 458
298300059 70738
298300059 2331130
50 3
300631189 53
300631189 4964
300631189 852722
88 14
301483911 102
301483911 31633
301483911 401834
301483911 7207182
39881 20
308691093 39901
308691093 1575438
675 6
310266531 681
310266531 34555
310266531 2294947
1320 1
312561478 1321
312561478 50327
312561478 1741594
11390 24
314303072 11414
314303072 175951
314303072 6686551
28 1
320989623 29
320989623 3501
320989623 643977
119508 223
321633600 119731
321633600 5616613
19512 76
327250213 19588
327250213 484257
703 80
327734470 783
327734470 39758
327734470 2631804
16383 10545
330366274 26928
330366274 7407928
6508 3
337774202 6511
337774202 1246686
1487 255
339020888 1742
339020888 520830
915 3
339541718 918
339541718 215383
339541718 7020731
4185 62
346562449 4247
346562449 158020
346562449 7178751
61037 2313
353741200 63350
353741200 993897
513 6
354735097 519
354735097 52539
354735097 806059
18184 599
355541156 18783
355541156 881601
7183 1354
356422757 8537
356422757 1929251
2720 20
358352008 2740
358352008 277369
358352008 5216324
4267 2140
363568332 6407
363568332 909253
940 3
364477585 943
364477585 182597
364477585 6987945
10545 62
371465530 10607
371465530 1441655
8191 1320
372907185 9511
372907185 1183333
182 8
374090518 190
374090518 51344
374090518 3079042
8190 706
377169560 8896
377169560 861618
3466 152
378031178 3618
378031178 101022
67658 47325
378132200 114983
2292 107
378247183 2399
378247183 103421
378247183 3760512
703 8
382007695 711
382007695 1589788
3229 115
383597483 3344
383597483 3763856
4428 434
387361339 4862
387361339 268576
107 1
387629915 108
387629915 27036
387629915 4965991
24 1
392595906 25
392595906 10632
392595906 1616480
241 25
394212386 266
394212386 8457
394212386 652434
4508 915
394864820 5423
394864820 421305
394864820 6391751
2328 120
401256571 2448
401256571 755968
8190 4094
402012539 12284
402012539 2377632
12295 706
404390171 13001
404390171 2655521
5030 16
407045692 5046
407045692 406880
395 8
407452572 403
407452572 154176
866 15
407606748 881
407606748 117504
407606748 5734117
9399 55
413340865 9454
413340865 1966945
2399 29
415307810 2428
415307810 731894
4321 54
416039704 4375
416039704 736269
881 24
416775973 905
416775973 65432
416775973 1114007
2012 7
417889980 2019
417889980 932566
92 14
418822546 106
418822546 1929357
1835 16
420751903 1851
420751903 1959342
3501 59
422711245 3560
422711245 134631
422711245 4607830
190 3
427319075 193
427319075 852915
1022 14
428171990 1036
428171990 926771
711 15
429098761 726
429098761 25523
429098761 3271939
859 1
432370700 860
432370700 263003
11559 2428
432633703 13987
432633703 1508151
906 6
434141854 912
434141854 31460
434141854 4039232
2428 30
438181086 2458
438181086 57680
438181086 5369926
65535 65534
443551012 131069
443551012 3498746
117504 18184
447049758 135688
447049758 1385082
198 1
448434840 199
448434840 17238
448434840 348677
2140 27
448783517 2167
448783517 934733
905 6
449718250 911
449718250 2484632
464669 1150
452202882 465819
85611 947
452668701 86558
452668701 5703171
508 47
458371872 555
458371872 101577
458371872 1350971
461 3
459722843 464
459722843 43935
459722843 2180379
375 14
461903222 389
461903222 58219
461903222 3927055
3344 510
465830277 3854
465830277 759822
915 8
466590099 923
466590099 28939
466590099 399140
80 2
466989239 82
466989239 59857
466989239 3600325
11390 1925
470589564 13315
470589564 2204022
7064 14
472793586 7078
472793586 2267470
82 2
475061056 84
475061056 10999
475061056 920252
11390 4964
475981308 16354
14837 466
475997662 15303
475997662 2237508
365 3
478235170 368
478235170 19151
31661 22
478254321 31683
478254321 2623729
279 21
480878050 300
480878050 753820
2302 198
481631870 2500
481631870 1592288
10999 1808
483224158 12807
483224158 584492
2954 14
483808650 2968
483808650 1582743
4495 1551
485391393 6046
485391393 412926
485391393 6383372
31460 1612
491774765 33072
491774765 1282466
14837 2046
493057231 16883
493057231 557037
2140 26
493614268 2166
493614268 108331
493614268 3026239
52539 21804
496640507 74343
600 1
496714850 601
496714850 519689
27036 145
497234539 27181
497234539 397382
1178 215
497631921 1393
497631921 38587
497631921 2450843
42279 395
500082764 42674
500082764 2179118
2313 7
502261882 2320
502261882 675979
266 6
502937861 272
502937861 29211
502937861 1661900
32840 5475
504599761 38315
504599761 2174759
21347 182
506774520 21529
506774520 719256
1528 126
507493776 1654
507493776 113338
507493776 5079329
866 2
512573105 868
512573105 884343
10632 19
513457448 10651
513457448 4976642
108331 223
518434090 108554
518434090 4322902
88 1
522756992 89
522756992 31620
522756992 2168064
175951 113
524925056 176064
524925056 2908740
2399 26
527833796 2425
527833796 133496
527833796 4606695
116623 33280
532440491 149903
215 6
532590394 221
532590394 38536
532590394 2076268
31460 18184
534666662 49644
534666662 1491299
13935 4247
536157961 18182
536157961 902525
1487 8
537060486 1495
537060486 36817
537060486 2730491
3344 43
539790977 3387
539790977 647364
4208 22
540438341 4230
540438341 205049
84 2
540643390 86
540643390 25609
540643390 1467264
11414 675
542110654 12089
542110654 771911
2608 47
542882565 2655
542882565 1510806
681 1
544393371 682
544393371 215147
1886612 861618
544608518 2748230
29211 461
547356748 29672
547356748 964405
10545 4862
548321153 15407
548321153 1457062
29211 7078
549778215 36289
549778215 3242824
4375 92
553021039 4467
553021039 1686335
5046 273
554707374 5319
554707374 830727
603 18
555538101 621
555538101 465290
5461 458
556003391 5919
556003391 490176
12089 3
556493567 12092
556493567 2556813
1303 15
559050380 1318
559050380 118822
559050380 5852939
13935 943
564903319 14878
564903319 3778734
3562 34
568682053 3596
568682053 887939
21529 555
569569992 22084
569569992 7200835
7540 25
576770827 7565
576770827 4755767
93 2
581526594 95
581526594 49739
581526594 1098314
562 22
582624908 584
582624908 44519
582624908 1093094
9454 860
583718002 10314
583718002 507253
3562 1
584225255 3563
584225255 1460625
31633 2228
585685880 33861
585685880 3401538
958 27
589087418 985
589087418 98389
2837 1872
589185807 4709
589185807 406543
589185807 7814471
3854 2012
597000278 5866
597000278 471685
6511 62
597471963 6573
597471963 1843436
241 2
599315399 243
599315399 11802
599315399 1522608
19851 273
600838007 20124
2320 20
600858131 2340
600858131 474025
127 2
601332156 129
601332156 12433
601332156 2654953
4709 7
603987109 4716
603987109 1691051
2292 14
605678160 2306
605678160 1688641
37194 2012
607366801 39206
607366801 3981240
1393 37
611348041 1430
611348041 132501
611348041 4171733
16354 1321
615519774 17675
615519774 4469571
3387 29
619989345 3416
619989345 967821
6407 93
620957166 6500
620957166 376701
17675 2942
621333867 20617
621333867 718344
30154 15303
622052211 45457
622052211 2020016
127 14
624072227 141
624072227 101718
624072227 7509646
15731 249
631581873 15980
631581873 2582505
310092 24068
634164378 334160
152 1
634498538 153
634498538 11955
634498538 346115
9511 62
634844653 9573
634844653 2927481
5046 25
637772134 5071
637772134 220454
6573 31
637992588 6604
637992588 514498
3445 2243
638507086 5688
638507086 2637492
6508 229
641144578 6737
641144578 171274
5995 168
641315852 6163
641315852 451456
2243 53
641767308 2296
641767308 76845
3906 19
641844153 3925
641844153 272501
214465 4508
642116654 218973
1191 25
642335627 1216
642335627 1960558
5046 1
644296185 5047
644296185 1979606
3416 26
646275791 3442
646275791 809501
20124 7832
647085292 27956
647085292 1076531
24797 57
648161823 24854
48322 10101
648186677 58423
1393 82
648245100 1475
648245100 137457
3057 25
648382557 3082
648382557 2559895
108554 375
650942452 108929
49006 261
651051381 49267
651051381 2976748
2313 59
654028129 2372
654028129 2539788
8191 18
656567917 8209
656567917 843111
827 3
657411028 830
657411028 164071
12284 480
657575099 12764
7540 686
657587863 8226
657587863 1475490
15778 182
659063353 15960
659063353 3794694
6407 43
662858047 6450
662858047 941183
7832 621
663799230 8453
663799230 2420709
20124 8209
666219939 28333
666219939 4784100
633 19
671004039 652
671004039 120383
671004039 6630983
2019 20
677635022 2039
677635022 336199
1846 37
677971221 1883
677971221 195806
677971221 8010277
15980 31
685981498 16011
685981498 787922
101577 15
686769420 101592
38975 8537
686871012 47512
686871012 4086744
7303 63
690957756 7366
690957756 2198073
2047 86
693155829 2133
693155829 758101
3387 28
693913930 3415
693913930 1745009
31683 15303
695658939 46986
695658939 3156117
7832 82
698815056 7914
698815056 2916654
15060 1953
701731710 17013
701731710 1220338
701731710 9744927
47325 1528
711476637 48853
711476637 1740120
601 14
713216757 615
713216757 31163
713216757 4504362
18783 43
717721119 18826
717721119 2155270
866 1
719876389 867
719876389 40768
719876389 5120097
2655 14
724996486 2669
724996486 223123
148110 181
725219609 148291
27076 57
725367900 27133
725367900 2954614
145 3
728322514 148
728322514 87258
728322514 2835488
3001 1654
731158002 4655
731158002 456111
448 8
731614113 456
731614113 10029
731614113 951212
3001 54
732565325 3055
732565325 837957
7830 6
733403282 7836
733403282 7822307
2228 47
741225589 2275
741225589 129297
731894 84
741354886 731978
37194 711
742086864 37905
742086864 4892118
40768 1320
746978982 42088
746978982 6847436
1742 29
753826418 1771
753826418 151674
21529 2320
753978092 23849
753978092 1768858
211 2
755746950 213
755746950 39419
755746950 1321885
15980 1612
757068835 17592
59857 12433
757086427 72290
757086427 4413660
41373 3
761500087 41376
761500087 1732643
406 7
763232730 413
763232730 25267
763232730 1868703
3925 70
765101433 3995
765101433 656429
1036 131
765757862 1167
765757862 2919075
5279 686
768676937 5965
768676937 1054540
10915 272
769731477 11187
769731477 2987935
20617 224
772719412 20841
772719412 3267257
334160 2837
775986669 336997
32766 190
776323666 32956
776323666 3142087
17254 23
779465753 17277
779465753 2122258
6046 127
781588011 6173
781588011 859088
32840 2012
782447099 34852
3466 1808
782481951 5274
782481951 2840762
17039 947
785322713 17986
785322713 3174103
19588 120
788496816 19708
26147 215
788516524 26362
788516524 1561899
7830 273
790078423 8103
790078423 694057
38536 8191
790772480 46727
790772480 1834584
621 24
792607064 645
792607064 1042690
2173 24
793649754 2197
793649754 89619
793649754 5823736
4709 129
799473490 4838
799473490 2024854
24054 108
801498344 24162
801498344 1306628
1742 21
802804972 1763
802804972 609196
7914 6573
803414168 14487
803414168 2465330
32766 633
805879498 33399
805879498 3239934
13646 254
809119432 13900
809119432 1549437
417 8
810668869 425
810668869 3267682
464 7
813936551 471
813936551 3272410
985 89
817208961 1074
817208961 186458
42279 2313
817395419 44592
817395419 4385962
35322 129
821781381 35451
821781381 4539813
7565 5995
826321194 13560
826321194 1801417
6046 7
828122611 6053
828122611 1985659
3416 21
830108270 3437
830108270 500376
19371 30
830608646 19401
830608646 1710668
1945 1
832319314 1946
832319314 217329
93 1
832536643 94
832536643 3027792
1745009 592
835564435 1745601
4709 16
837310036 4725
837310036 852483
881 23
838162519 904
838162519 472589
89619 1478
838635108 91097
838635108 3492635
6053 289
842127743 6342
842127743 428732
38762 5046
842556475 43808
842556475 4687867
10632 84
847244342 10716
847244342 619912
2916654 3501
847864254 2920155
465819 101577
850784409 567396
14505 82
851351805 14587
851351805 1217912
3323855 34555
852569717 3358410
1321 14
855928127 1335
855928127 130632
29672 434
856058759 30106
856058759 1155606
958 24
857214365 982
857214365 302279
1763 54
857516644 1817
857516644 140753
403 8
857657397 411
857657397 299696
857657397 6270142
25267 6163
863927539 31430
863927539 7019375
113 6
870946914 119
870946914 19270
870946914 3559738
11390 686
874506652 12076
874506652 552230
5866 47
875058882 5913
875058882 506289
31633 480
875565171 32113
875565171 2872875
20124 148
878438046 20272
878438046 3194375
33280 21804
881632421 55084
881632421 5175181
5046 4230
886807602 9276
886807602 3355821
417 6
890163423 423
890163423 35275
890163423 4448935
1393 16
894612358 1409
894612358 1044099
44592 5030
895656457 49622
895656457 3077414
985 31
898733871 1016
898733871 807075
3563 50
899540946 3613
899540946 1685481
603 2
901226427 605
901226427 61642
21804 107
901288069 21911
901288069 1823328
6511 25
903111397 6536
903111397 233895
3613 194
903345292 3807
903345292 281176
6342 14
903626468 6356
903626468 615552
44992 109
904242020 45101
10915 2167
904287121 13082
904287121 4517444
90156 1487
908804565 91643
7367 152
908896208 7519
908896208 384220
8190 2428
909280428 10618
909280428 3334473
7064 224
912614901 7288
912614901 212337
943 3
912827238 946
912827238 3247362
14505 1430
916074600 15935
916074600 326027
507894 19
916400627 507913
1654 59
916908540 1713
916908540 335873
268576 4428
917244413 273004
484 18
917517417 502
917517417 377203
14505 429
917894620 14934
917894620 2708608
490769 63350
920603228 554119
682 15
921157347 697
921157347 1887309
23849 14505
923044656 38354
923044656 5429071
3501 55
928473727 3556
928473727 1129056
115 1
929602783 116
929602783 694173
4655 555
930296956 5210
930296956 1873913
10716 27
932170869 10743
932170869 394963
11390 8
932565832 11398
932565832 1293864
26841 28
933859696 26869
933859696 4113613
4247 3
937973309 4250
937973309 1847686
7303 141
939820995 7444
939820995 1314072
694173 1872
941135067 696045
16354 19
941831112 16373
941831112 4533817
5071 63
946364929 5134
946364929 5317380
5319 434
951682309 5753
951682309 4457649
6737 68
956139958 6805
956139958 5181986
16883 24
961321944 16907
961321944 1032680
5589 15
962354624 5604
962354624 382807
985 18
962737431 1003
962737431 338000
962737431 8862589
795 16
971600020 811
971600020 1093905
3563 22
972693925 3585
972693925 256911
7183 520
972950836 7703
972950836 743972
11187 47
973694808 11234
973694808 1505398
3082 31
975200206 3113
975200206 1309741
16656 915
976509947 17571
976509947 1428831
1074 21
977938778 1095
977938778 378298
21740 76
978317076 21816
978317076 5101145
3501 15
983418221 3516
983418221 1964074
1095 37
985382295 1132
985382295 82565
1561899 49644
985464860 1611543
8896 75
987076403 8971
987076403 706698
987076403 10451625
5274 50
997528028 5324
997528028 712022
