393
1 1
2 2
4 4
8 8
16 16
32 32
64 64
128 128
256 256
512 512
1024 1024
2048 2048
4096 4096
8 4
16 12
128 28
512 156
4096 668
8192 4764
12956 12956
25912 25912
128 12
256 140
2048 396
4764 2444
25912 7208
51824 33120
84944 84944
32 1
64 33
256 97
668 353
4764 1021
169888 5785
175673 175673
2 1
16 3
33 19
5785 52
12956 5837
351346 18793
64 4
156 68
1024 224
5837 1248
51824 7085
175673 58909
370139 234582
64 1
396 65
4764 461
25912 5225
370139 31137
604721 401276
16 8
461 24
84944 485
1005997 85429
24 3
256 27
5225 283
18793 5508
58909 24301
1091426 83210
19 2
156 21
1248 177
8192 1425
33120 9617
85429 42737
1174636 128166
224 2
2444 226
18793 2670
85429 21463
1302802 106892
256 65
4096 321
33120 4417
1409694 37537
68 24
42737 92
1447231 42829
68 4
512 72
2670 584
25912 3254
1490060 29166
226 16
9617 242
106892 9859
1519226 116751
16 2
485 18
2670 503
58909 3173
1635977 62082
24 2
256 26
7208 282
128166 7490
1698059 135656
62082 29166
1833715 91248
28 18
177 46
2670 223
12956 2893
62082 15849
1924963 77931
140 21
4764 161
85429 4925
2002894 90354
2048 2
21463 2050
2093248 23513
12 2
177 14
2893 191
135656 3084
2116761 138740
2048 1024
62082 3072
2255501 65154
128 2
668 130
3254 798
116751 4052
2320655 120803
19 1
191 20
5225 211
138740 5436
2441458 144176
92 16
668 108
15849 776
2585634 16625
72 18
2670 90
106892 2760
2602259 109652
28 3
3084 31
25912 3115
2711911 29027
46 4
3254 50
91248 3304
234582 94552
2740938 329134
108 31
1024 139
33120 1163
3070072 34283
256 14
5508 270
109652 5778
3104355 115430
242 20
3304 262
175673 3566
3219785 179239
512 33
31137 545
179239 31682
3399024 210921
1024 50
24301 1074
144176 25375
3609945 169551
28 14
668 42
5837 710
3779496 6547
108 2
2444 110
77931 2554
3786043 80485
321 18
3566 339
65154 3905
3866528 69059
42 2
1248 44
9859 1292
94552 11151
3935587 105703
339 3
1425 342
34283 1767
4041290 36050
50 12
1163 62
18793 1225
4077340 20018
191 1
1425 192
37537 1617
4097358 39154
33 1
396 34
31682 430
4136512 32112
1767 396
25912 2163
4168624 28075
396 33
9859 429
4196699 10288
1024 156
62082 1180
4206987 63262
5225 139
120803 5364
4270249 126167
1180 4
8192 1184
4396416 9376
92 12
7490 104
179239 7594
4405792 186833
72 16
5225 88
109652 5313
4592625 114965
503 224
39154 727
4707590 39881
97 1
2554 98
42829 2652
4747471 45481
1180 3
51824 1183
4792952 53007
192 24
138740 216
4845959 138956
1767 98
16625 1865
4984915 18490
512 27
34283 539
5003405 34822
798 32
175673 830
5038227 176503
2444 97
39881 2541
5214730 42422
5837 584
234582 6421
5257152 241003
110 1
77931 111
5498155 78042
485 192
15849 677
144176 16526
5576197 160702
65154 282
5736899 65436
2163 108
65436 2271
5802335 67707
42 1
1865 43
21463 1908
5870042 23371
92 4
1767 96
5893413 1863
226 110
176503 336
5895276 176839
72 3
2163 75
370139 2238
6072115 372377
16526 7594
6444492 24120
2050 50
210921 2100
6468612 213021
1183 282
69059 1465
6681633 70524
2163 62
6752157 2225
1024 26
135656 1050
6754382 136706
776 31
176839 807
6891088 177646
4096 3173
7068734 7269
92 3
830 95
29166 925
7076003 30091
925 3
53007 928
7106094 53935
128 1
23371 129
186833 23500
7160029 210333
223 14
5508 237
186833 5745
7370362 192578
342 65
67707 407
7562940 68114
584 42
37537 626
7631054 38163
1425 62
83210 1487
7669217 84697
52 8
1767 60
160702 1827
7753914 162529
21 2
5364 23
7916443 5387
485 3
7594 488
7921830 8082
668 256
11151 924
7929912 12075
339 50
6547 389
94552 6936
7941987 101488
4 2
807 6
21463 813
8043475 22276
2050 1180
91248 3230
8065751 94478
776 3
109652 779
8160229 110431
779 64
62082 843
8270660 62925
111 8
9376 119
604721 9495
8333585 614216
924 461
91248 1385
8947801 92633
226 4
10288 230
144176 10518
9040434 154694
1827 16
12956 1843
9195128 14799
75 2
7490 77
9209927 7567
242 2
83210 244
241003 83454
9217494 324457
46 1
6936 47
162529 6983
9541951 169512
3304 77
9711463 3381
710 62
90354 772
9714844 91126
430 21
29166 451
9805970 29617
1163 407
65436 1570
9835587 67006
1024 16
80485 1040
9902593 81525
