1383
1 1
2 2
4 1
5 5
10 1
11 11
22 1
23 23
46 1
47 47
94 1
95 95
190 1
191 191
382 1
383 383
766 1
767 767
1534 1
11 4
1535 15
1535 110
110 1
1645 111
111 1
1756 112
112 1
1868 113
113 1
1981 114
114 1
2095 115
115 1
2210 116
116 1
2326 117
117 1
2443 118
118 1
2561 119
119 1
2680 120
120 1
2800 121
121 1
2921 122
122 1
3043 123
1756 1534
123 2
3290 125
125 1
3415 126
126 1
3541 127
127 1
3668 128
128 1
3796 129
129 1
3925 130
130 1
4055 131
131 1
4186 132
132 1
4318 133
133 1
4451 134
134 1
4585 135
135 1
4720 136
136 1
4856 137
2921 2210
137 2
5131 139
139 1
5270 140
140 1
5410 141
141 1
5551 142
142 1
5693 143
143 1
5836 144
144 1
5980 145
145 1
6125 146
146 1
6271 147
4585 1981
147 2
6566 149
149 1
6715 150
150 1
6865 151
151 1
7016 152
152 1
7168 153
153 1
7321 154
154 1
7475 155
155 1
7630 156
156 1
7786 157
6566 1535
157 2
8101 159
159 1
8260 160
160 1
8420 161
161 1
8581 162
4720 4186
162 2
8906 164
164 1
9070 165
165 1
9235 166
166 1
9401 167
167 1
9568 168
8260 1645
168 2
9905 170
170 1
10075 171
171 1
10246 172
172 1
10418 173
7475 3290
8260 2680
8906 2210
173 4
11116 177
177 1
11293 178
178 1
11471 179
179 1
11650 180
9568 2443
180 2
12011 182
182 1
12193 183
183 1
12376 184
7475 5270
184 2
12745 186
10075 3043
186 2
13118 188
188 1
13306 189
13495 190
13685 191
13685 383
13495 766
190 4
14261 194
194 1
14455 195
195 1
14650 196
196 1
14846 197
197 1
15043 198
198 1
15241 199
199 1
15440 200
200 1
15640 201
201 1
15841 202
13685 2561
202 2
16246 204
204 1
16450 205
205 1
16655 206
206 1
16861 207
207 1
17068 208
208 1
17276 209
209 1
17485 210
210 1
17695 211
211 1
17906 212
212 1
18118 213
16450 2095
213 2
18545 215
215 1
18760 216
216 1
18976 217
217 1
19193 218
218 1
19411 219
219 1
19630 220
220 1
19850 221
221 1
20071 222
18760 1756
222 2
20516 224
224 1
20740 225
15640 5551
225 2
21191 227
227 1
21418 228
228 1
21646 229
13685 8420
229 2
22105 231
231 1
22336 232
232 1
22568 233
233 1
22801 234
15640 7630
234 2
23270 236
21875 1868
22336 1645
234 5
23981 239
239 1
24220 240
14455 10246
240 2
24701 242
242 1
24943 243
243 1
25186 244
244 1
25430 245
245 1
25675 246
246 1
25921 247
19850 6566
247 2
26416 249
249 1
26665 250
250 1
26915 251
251 1
27166 252
19411 8260
252 2
27671 254
254 1
27925 255
255 1
28180 256
22568 6125
256 2
28693 258
258 1
28951 259
259 1
29210 260
260 1
29470 261
25675 4318
261 2
29993 263
263 1
30256 264
264 1
30520 265
265 1
30785 266
266 1
31051 267
20293 11293
267 2
31586 269
269 1
31855 270
26416 5980
270 2
32396 272
27671 5270
18760 14455
270 5
33215 275
275 1
33490 276
276 1
33766 277
277 1
34043 278
278 1
34321 279
29470 5410
279 2
34880 281
281 1
35161 282
282 1
35443 283
283 1
35726 284
284 1
36010 285
34600 1981
285 2
36581 287
287 1
36868 288
288 1
37156 289
289 1
37445 290
290 1
37735 291
291 1
38026 292
29210 9401
292 2
38611 294
294 1
38905 295
295 1
39200 296
296 1
39496 297
36295 3796
297 2
40091 299
33215 7475
23506 17485
297 5
40991 302
302 1
41293 303
303 1
41596 304
304 1
41900 305
305 1
42205 306
306 1
42511 307
307 1
42818 308
41900 1535
308 2
43435 310
39200 4856
310 2
44056 312
25921 18760
312 2
44681 314
314 1
44995 315
315 1
45310 316
316 1
45626 317
40991 5270
32125 14455
33215 13685
317 4
46900 321
321 1
47221 322
322 1
47543 323
323 1
47866 324
324 1
48190 325
325 1
48515 326
326 1
48841 327
45310 4186
327 2
49496 329
329 1
49825 330
48841 1645
330 2
50486 332
332 1
50818 333
46900 4585
333 2
51485 335
44681 7475
335 2
52156 337
337 1
52493 338
338 1
52831 339
43435 10075
339 2
53510 341
341 1
53851 342
342 1
54193 343
343 1
54536 344
344 1
54880 345
52156 3415
34043 21875
344 4
55918 348
348 1
56266 349
349 1
56615 350
350 1
56965 351
55225 2443
351 2
57668 353
353 1
58021 354
46900 11830
354 2
58730 356
356 1
59086 357
40390 19411
357 2
59801 359
359 1
60160 360
360 1
60520 361
361 1
60881 362
32396 29210
36295 25675
361 4
61970 365
365 1
62335 366
366 1
62701 367
367 1
63068 368
368 1
63436 369
43435 20740
369 2
64175 371
371 1
64546 372
60160 5131
34880 30785
371 4
65665 375
375 1
66040 376
376 1
66416 377
377 1
66793 378
378 1
67171 379
379 1
67550 380
38318 29993
68311 382
68693 383
68693 767
68311 1534
382 4
69845 386
386 1
70231 387
387 1
70618 388
388 1
71006 389
48515 23270
64546 7630
388 4
72176 392
392 1
72568 393
393 1
72961 394
394 1
73355 395
395 1
73750 396
70618 3925
396 2
74543 398
398 1
74941 399
65665 10075
43745 32396
398 4
76141 402
74146 2800
402 2
76946 404
404 1
77350 405
41293 36868
405 2
78161 407
66416 12560
407 2
78976 409
75740 4055
409 2
79795 411
411 1
80206 412
412 1
80618 413
413 1
81031 414
71785 10075
414 2
81860 416
416 1
82276 417
417 1
82693 418
69845 13685
418 2
83530 420
82276 2095
420 2
84371 422
422 1
84793 423
43435 42205
423 2
85640 425
425 1
86065 426
77350 9568
426 2
86918 428
428 1
87346 429
73750 14455
429 2
88205 431
431 1
88636 432
83950 5551
432 2
89501 434
434 1
89935 435
78976 11830
435 2
90806 437
437 1
91243 438
438 1
91681 439
439 1
92120 440
440 1
92560 441
441 1
93001 442
442 1
93443 443
92120 2210
443 2
94330 445
88205 7016
445 2
95221 447
447 1
95668 448
448 1
96116 449
449 1
96565 450
52156 45310
450 2
97466 452
452 1
97918 453
453 1
98371 454
454 1
98825 455
455 1
99280 456
456 1
99736 457
457 1
100193 458
458 1
100651 459
77350 24220
459 2
101570 461
98825 3668
98371 4585
459 5
102956 464
464 1
103420 465
98371 5980
465 2
104351 467
467 1
104818 468
69460 36295
468 2
105755 470
470 1
106225 471
72568 34600
104351 3290
470 4
107641 474
474 1
108115 475
475 1
108590 476
476 1
109066 477
106225 3796
477 2
110021 479
479 1
110500 480
480 1
110980 481
98825 13118
481 2
111943 483
483 1
112426 484
484 1
112910 485
485 1
113395 486
97918 16450
486 2
114368 488
58730 56615
488 2
115345 490
83111 33215
490 2
116326 492
492 1
116818 493
493 1
117311 494
494 1
117805 495
495 1
118300 496
496 1
118796 497
104351 15440
497 2
119791 499
64175 56615
499 2
120790 501
110500 11293
501 2
121793 503
503 1
122296 504
504 1
122800 505
505 1
123305 506
506 1
123811 507
507 1
124318 508
92120 33215
508 2
125335 510
510 1
125845 511
511 1
126356 512
512 1
126868 513
513 1
127381 514
514 1
127895 515
73355 55571
515 2
128926 517
517 1
129443 518
518 1
129961 519
519 1
130480 520
520 1
131000 521
521 1
131521 522
70231 62335
522 2
132566 524
524 1
133090 525
118300 15841
131000 3668
524 4
134668 528
77350 58375
528 2
135725 530
530 1
136255 531
531 1
136786 532
532 1
137318 533
533 1
137851 534
69460 69460
94775 44681
533 4
139456 537
137851 2680
537 2
140531 539
539 1
141070 540
540 1
141610 541
541 1
142151 542
110021 33215
81445 62335
541 4
143780 545
545 1
144325 546
546 1
144871 547
547 1
145418 548
548 1
145966 549
549 1
146515 550
550 1
147065 551
80618 67550
129961 18760
147065 2210
551 4
149275 555
555 1
149830 556
556 1
150386 557
557 1
150943 558
558 1
151501 559
559 1
152060 560
143780 9401
150943 2800
559 4
153743 563
563 1
154306 564
564 1
154870 565
565 1
155435 566
566 1
156001 567
78568 78568
567 2
157136 569
569 1
157705 570
110980 47866
570 2
158846 572
572 1
159418 573
573 1
159991 574
574 1
160565 575
575 1
161140 576
576 1
161716 577
577 1
162293 578
578 1
162871 579
579 1
163450 580
157136 7475
580 2
164611 582
163450 2326
582 2
165776 584
584 1
166360 585
141610 25921
585 2
167531 587
587 1
168118 588
588 1
168706 589
123305 46580
589 2
169885 591
159418 11650
591 2
171068 593
593 1
171661 594
594 1
172255 595
595 1
172850 596
135725 38318
159991 14650
595 4
174641 599
175240 175240
350480 350480
700960 700960
71785 224
1401920 72009
1401920 772969
175240 72009
2174889 247249
2174889 597729
2174889 1999649
4174538 1999649
6174187 1999649
8173836 1999649
10173485 1999649
12173134 1999649
14172783 1999649
16172432 1999649
18172081 1999649
20171730 1999649
22171379 1999649
24171028 1999649
26170677 1999649
28170326 1999649
30169975 1999649
32169624 1999649
34169273 1999649
36168922 1999649
38168571 1999649
40168220 1999649
42167869 1999649
44167518 1999649
46167167 1999649
48166816 1999649
50166465 1999649
52166114 1999649
54165763 1999649
56165412 1999649
58165061 1999649
60164710 1999649
62164359 1999649
64164008 1999649
66163657 1999649
68163306 1999649
70162955 1999649
72162604 1999649
74162253 1999649
76161902 1999649
78161551 1999649
80161200 1999649
82160849 1999649
84160498 1999649
86160147 1999649
88159796 1999649
90159445 1999649
92159094 1999649
94158743 1999649
96158392 1999649
98158041 1999649
100157690 1999649
102157339 1999649
104156988 1999649
106156637 1999649
108156286 1999649
110155935 1999649
112155584 1999649
114155233 1999649
116154882 1999649
118154531 1999649
120154180 1999649
122153829 1999649
124153478 1999649
126153127 1999649
128152776 1999649
130152425 1999649
132152074 1999649
134151723 1999649
136151372 1999649
138151021 1999649
140150670 1999649
142150319 1999649
144149968 1999649
146149617 1999649
148149266 1999649
150148915 1999649
152148564 1999649
154148213 1999649
156147862 1999649
158147511 1999649
160147160 1999649
162146809 1999649
164146458 1999649
166146107 1999649
168145756 1999649
170145405 1999649
172145054 1999649
174144703 1999649
176144352 1999649
178144001 1999649
180143650 1999649
182143299 1999649
184142948 1999649
186142597 1999649
188142246 1999649
190141895 1999649
192141544 1999649
194141193 1999649
196140842 1999649
198140491 1999649
200140140 1999649
202139789 1999649
204139438 1999649
206139087 1999649
208138736 1999649
210138385 1999649
212138034 1999649
214137683 1999649
216137332 1999649
218136981 1999649
220136630 1999649
222136279 1999649
224135928 1999649
226135577 1999649
228135226 1999649
230134875 1999649
232134524 1999649
234134173 1999649
236133822 1999649
238133471 1999649
240133120 1999649
242132769 1999649
244132418 1999649
246132067 1999649
248131716 1999649
250131365 1999649
252131014 1999649
254130663 1999649
256130312 1999649
258129961 1999649
260129610 1999649
262129259 1999649
264128908 1999649
266128557 1999649
268128206 1999649
270127855 1999649
272127504 1999649
274127153 1999649
276126802 1999649
278126451 1999649
280126100 1999649
282125749 1999649
284125398 1999649
286125047 1999649
288124696 1999649
290124345 1999649
292123994 1999649
294123643 1999649
296123292 1999649
298122941 1999649
300122590 1999649
302122239 1999649
304121888 1999649
306121537 1999649
308121186 1999649
310120835 1999649
312120484 1999649
314120133 1999649
316119782 1999649
318119431 1999649
320119080 1999649
322118729 1999649
324118378 1999649
326118027 1999649
328117676 1999649
330117325 1999649
332116974 1999649
334116623 1999649
336116272 1999649
338115921 1999649
340115570 1999649
342115219 1999649
344114868 1999649
346114517 1999649
348114166 1999649
350113815 1999649
352113464 1999649
354113113 1999649
356112762 1999649
358112411 1999649
360112060 1999649
362111709 1999649
364111358 1999649
366111007 1999649
368110656 1999649
370110305 1999649
372109954 1999649
374109603 1999649
376109252 1999649
378108901 1999649
380108550 1999649
382108199 1999649
384107848 1999649
386107497 1999649
388107146 1999649
390106795 1999649
392106444 1999649
394106093 1999649
396105742 1999649
398105391 1999649
400105040 1999649
402104689 1999649
404104338 1999649
406103987 1999649
408103636 1999649
410103285 1999649
412102934 1999649
414102583 1999649
416102232 1999649
418101881 1999649
420101530 1999649
422101179 1999649
424100828 1999649
426100477 1999649
428100126 1999649
430099775 1999649
432099424 1999649
434099073 1999649
436098722 1999649
438098371 1999649
440098020 1999649
442097669 1999649
444097318 1999649
446096967 1999649
448096616 1999649
450096265 1999649
452095914 1999649
454095563 1999649
456095212 1999649
458094861 1999649
460094510 1999649
462094159 1999649
464093808 1999649
466093457 1999649
468093106 1999649
470092755 1999649
472092404 1999649
474092053 1999649
476091702 1999649
478091351 1999649
480091000 1999649
482090649 1999649
484090298 1999649
486089947 1999649
488089596 1999649
490089245 1999649
492088894 1999649
494088543 1999649
496088192 1999649
498087841 1999649
500087490 1999649
502087139 1999649
504086788 1999649
506086437 1999649
508086086 1999649
510085735 1999649
512085384 1999649
514085033 1999649
516084682 1999649
518084331 1999649
520083980 1999649
522083629 1999649
524083278 1999649
526082927 1999649
528082576 1999649
530082225 1999649
532081874 1999649
534081523 1999649
536081172 1999649
538080821 1999649
540080470 1999649
542080119 1999649
544079768 1999649
546079417 1999649
548079066 1999649
550078715 1999649
552078364 1999649
554078013 1999649
556077662 1999649
558077311 1999649
560076960 1999649
562076609 1999649
564076258 1999649
566075907 1999649
568075556 1999649
570075205 1999649
572074854 1999649
574074503 1999649
576074152 1999649
578073801 1999649
580073450 1999649
582073099 1999649
584072748 1999649
586072397 1999649
588072046 1999649
590071695 1999649
592071344 1999649
594070993 1999649
596070642 1999649
598070291 1999649
600069940 1999649
602069589 1999649
604069238 1999649
606068887 1999649
608068536 1999649
610068185 1999649
612067834 1999649
614067483 1999649
616067132 1999649
618066781 1999649
620066430 1999649
622066079 1999649
624065728 1999649
626065377 1999649
628065026 1999649
630064675 1999649
632064324 1999649
634063973 1999649
636063622 1999649
638063271 1999649
640062920 1999649
642062569 1999649
644062218 1999649
646061867 1999649
648061516 1999649
650061165 1999649
652060814 1999649
654060463 1999649
656060112 1999649
658059761 1999649
660059410 1999649
662059059 1999649
664058708 1999649
666058357 1999649
668058006 1999649
670057655 1999649
672057304 1999649
674056953 1999649
676056602 1999649
678056251 1999649
680055900 1999649
682055549 1999649
684055198 1999649
686054847 1999649
688054496 1999649
690054145 1999649
692053794 1999649
694053443 1999649
696053092 1999649
698052741 1999649
700052390 1999649
702052039 1999649
704051688 1999649
706051337 1999649
708050986 1999649
710050635 1999649
712050284 1999649
714049933 1999649
716049582 1999649
718049231 1999649
720048880 1999649
722048529 1999649
724048178 1999649
726047827 1999649
728047476 1999649
730047125 1999649
732046774 1999649
734046423 1999649
736046072 1999649
738045721 1999649
740045370 1999649
742045019 1999649
744044668 1999649
746044317 1999649
748043966 1999649
750043615 1999649
752043264 1999649
754042913 1999649
756042562 1999649
758042211 1999649
760041860 1999649
762041509 1999649
764041158 1999649
766040807 1999649
768040456 1999649
770040105 1999649
772039754 1999649
774039403 1999649
776039052 1999649
778038701 1999649
780038350 1999649
782037999 1999649
784037648 1999649
786037297 1999649
788036946 1999649
790036595 1999649
792036244 1999649
794035893 1999649
796035542 1999649
798035191 1999649
800034840 1999649
802034489 1999649
804034138 1999649
806033787 1999649
808033436 1999649
810033085 1999649
812032734 1999649
814032383 1999649
816032032 1999649
818031681 1999649
820031330 1999649
822030979 1999649
824030628 1999649
826030277 1999649
828029926 1999649
830029575 1999649
832029224 1999649
834028873 1999649
836028522 1999649
838028171 1999649
840027820 1999649
842027469 1999649
844027118 1999649
846026767 1999649
848026416 1999649
850026065 1999649
852025714 1999649
854025363 1999649
856025012 1999649
858024661 1999649
860024310 1999649
862023959 1999649
864023608 1999649
866023257 1999649
868022906 1999649
870022555 1999649
872022204 1999649
874021853 1999649
876021502 1999649
878021151 1999649
880020800 1999649
882020449 1999649
884020098 1999649
886019747 1999649
888019396 1999649
890019045 1999649
892018694 1999649
894018343 1999649
896017992 1999649
898017641 1999649
900017290 1999649
902016939 1999649
904016588 1999649
906016237 1999649
908015886 1999649
910015535 1999649
912015184 1999649
914014833 1999649
916014482 1999649
918014131 1999649
920013780 1999649
922013429 1999649
924013078 1999649
926012727 1999649
928012376 1999649
930012025 1999649
932011674 1999649
934011323 1999649
936010972 1999649
938010621 1999649
940010270 1999649
942009919 1999649
944009568 1999649
946009217 1999649
948008866 1999649
950008515 1999649
952008164 1999649
954007813 1999649
956007462 1999649
958007111 1999649
960006760 1999649
962006409 1999649
964006058 1999649
966005707 1999649
968005356 1999649
970005005 1999649
972004654 1999649
974004303 1999649
976003952 1999649
978003601 1999649
980003250 1999649
982002899 1999649
984002548 1999649
986002197 1999649
988001846 1999649
990001495 1999649
992001144 1999649
994000793 1999649
996000442 1999649
998000091 1999649
