1821
1 1
2 2
4 4
8 8
16 16
32 32
64 64
128 128
256 256
512 512
1024 1024
2048 2048
4096 4096
8192 8192
16384 16384
32768 32768
65536 65536
131072 131072
262144 262144
524288 524288
2 1
8 3
16 11
128 27
1024 155
4096 1179
8192 5275
16384 13467
32768 29851
65536 62619
1048576 128155
128 3
1176731 131
4 1
1176862 5
16 8
1176867 24
5 2
1176891 7
8 2
1176898 10
1176891 32
5 1
1176923 6
11 3
1176929 14
1176929 27
27 1
1176956 28
16 5
1176984 21
32 1
1177005 33
11 1
1177038 12
1177050 6
1177056 6
1177062 21
1177083 7
1177090 7
1176929 256
1177185 24
33 2
155 35
1177209 190
1177399 14
1177413 5
1177418 1
35 27
1177419 62
16 4
1177481 20
131 3
1177501 134
35 6
1177635 41
35 24
1177676 59
16 1
1177735 17
1177735 131
1177866 62
155 21
1177928 176
155 14
1178104 169
41 16
1178273 57
14 1
1178330 15
35 2
1178345 37
1178382 41
64 1
1178423 65
1178488 10
176 37
256 213
1178498 469
1178967 41
176 128
1179008 304
64 14
1179312 78
41 6
1179390 47
131 2
304 133
1179437 437
65 7
1179874 72
41 3
1179946 44
47 3
1179990 50
190 3
512 193
1180040 705
256 47
1180745 303
213 35
1181048 248
17 2
213 19
705 232
1181296 937
50 3
304 53
1182233 357
133 10
1182590 143
303 35
1182733 338
338 37
1183071 375
50 1
1183446 51
78 6
1183497 84
143 11
1024 154
1183581 1178
155 5
2048 160
1184759 2208
469 2
1186967 471
169 20
1187438 189
213 5
1179 218
1187627 1397
193 16
1179 209
1189024 1388
512 304
1190412 816
471 3
1191228 474
256 14
1191702 270
72 37
1191972 109
47 1
1192081 48
72 4
937 76
1192129 1013
1179 6
1193142 1185
357 57
1397 414
1194327 1811
705 303
5275 1008
1196138 6283
357 3
1397 360
1202421 1757
44 1
1204178 45
109 3
1204223 112
84 19
816 103
1204335 919
169 4
1185 173
2208 1358
1205254 3566
360 10
1208820 370
1757 51
1209190 1808
1358 7
8192 1365
1210998 9557
134 7
1220555 141
109 12
3566 121
1220696 3687
512 109
2208 621
1224383 2829
414 4
2208 418
1227212 2626
72 3
1229838 75
112 2
1024 114
1229913 1138
8 1
2829 9
1231051 2838
705 51
6283 756
1233889 7039
1013 112
8192 1125
1240928 9317
338 2
7039 340
1250245 7379
84 10
9557 94
1257624 9651
919 41
13467 960
1267275 14427
218 10
1397 228
1281702 1625
270 2
4096 272
1283327 4368
248 6
2838 254
1287695 3092
109 1
2838 110
1290787 2948
621 189
8192 810
1293735 9002
1008 109
1302737 1117
143 8
7039 151
16384 7190
1303854 23574
14427 154
1327428 14581
512 1
4368 513
1342009 4881
513 45
6283 558
32768 6841
1346890 39609
3687 62
9651 3749
1386499 13400
1399899 474
16384 360
1400373 16744
558 19
1417117 577
1125 160
14581 1285
1417694 15866
37 2
1285 39
1433560 1324
375 24
4368 399
1434884 4767
1757 103
16744 1860
39609 18604
1439651 58213
960 37
32768 997
1497864 33765
4096 756
23574 4852
1531629 28426
3566 62
18604 3628
1560055 22232
1388 1138
1582287 2526
78 3
2948 81
9651 3029
1584813 12680
1365 78
9651 1443
39609 11094
1597493 50703
160 2
12680 162
1648196 12842
41 1
2048 42
33765 2090
1661038 35855
2208 84
29851 2292
1696893 32143
72 2
2838 74
58213 2912
1729036 61125
1285 1178
18604 2463
1790161 21067
513 28
50703 541
1811228 51244
143 6
6841 149
1862472 6990
4881 24
1869462 4905
218 6
58213 224
65536 58437
1874367 123973
919 9
13467 928
1998340 14395
1024 14
62619 1038
2012735 63657
2090 256
2076392 2346
1038 17
29851 1055
524288 30906
2078738 555194
141 1
2633932 142
2634074 10
12 1
2634084 13
2634097 2
2634099 10
2634099 53
2634099 76
2634175 5
2634180 1
2634181 6
2634187 14
2634201 62
2634187 134
2634321 8
2634329 14
2634343 7
2634350 3
2634353 28
2634381 44
2634425 17
2634442 5
2634447 6
2634453 8
2634461 11
2634461 47
2634508 50
2634558 1
2634559 190
2634461 414
2634329 577
53 2
2634906 55
2634961 5
2634961 76
2635037 141
2635178 37
2634875 621
2634906 621
2635527 24
2635496 190
2635686 45
2635178 1358
2634966 1757
78 1
2636723 79
2636536 357
2636802 209
2637011 103
2637114 53
2637167 7
2637174 79
2634461 2948
756 44
2637409 800
2635527 2838
1324 357
2638365 1681
2640046 142
134 1
2640188 135
232 7
2640323 239
272 9
2640562 281
2634472 7190
2634381 7379
162 1
2641760 163
1324 10
2641923 1334
304 5
2643257 309
272 5
2643566 277
437 13
2643843 450
577 21
2644293 598
135 5
2644891 140
1625 33
2645031 1658
621 32
2646689 653
2647342 1358
816 8
2648700 824
1138 32
2649524 1170
2292 141
2650694 2433
558 1
2653127 559
1179 131
2653686 1310
937 57
2654996 994
2635686 22232
1310 13
2657918 1323
2090 42
2659241 2132
1179 72
2661373 1251
128 2
2626 130
2662624 2756
3029 133
2665380 3162
1388 45
2668542 1433
816 81
2669975 897
2132 53
2670872 2185
928 2
2673057 930
143 3
7379 146
2673987 7525
2668542 14395
3092 141
2682937 3233
3628 9
2686170 3637
4852 997
2689807 5849
65 3
5275 68
2695656 5343
9002 375
2700999 9377
1811 162
2710376 1973
3233 112
2712349 3345
3345 928
2715694 4273
474 20
14581 494
2719967 15075
103 3
4368 106
2735042 4474
494 5
2739516 499
705 5
11094 710
2740015 11804
7039 84
2751819 7123
559 14
35855 573
2758942 36428
559 7
2795370 566
1170 75
33765 1245
2795936 35010
1125 5
22232 1130
2830946 23362
2185 3
2854308 2188
28 3
13400 31
2856496 13431
1860 53
2869927 1913
710 64
11804 774
2871840 12578
3345 79
2884418 3424
7525 134
2887842 7659
4368 16
2895501 4384
653 6
32768 659
2899885 33427
58213 106
2933312 58319
4096 27
2991631 4123
281 7
9002 288
2995754 9290
3749 109
23574 3858
3005044 27432
1334 309
18604 1643
3032476 20247
3029 48
51244 3077
3052723 54321
3687 272
3107044 3959
960 17
39609 977
3111003 40586
3749 937
40586 4686
65536 45272
3151589 110808
598 20
13467 618
3262397 14085
12842 32
110808 12874
3276482 123682
309 20
5343 329
3400164 5672
15866 121
3405836 15987
1324 2
18604 1326
3421823 19930
14581 110
3441753 14691
2208 45
58437 2253
3456444 60690
54321 190
3517134 54511
977 5
18604 982
3571645 19586
2647342 1204223
123973 309
3851565 124282
1285 5
16744 1290
131072 18034
3975847 149106
3637 1808
65536 5445
4124953 70981
61125 61125
4195934 122250
816 68
22232 884
70981 23116
4318184 94097
659 8
28426 667
4412281 29093
399 9
15075 408
94097 15483
4441374 109580
6283 512
110808 6795
4550954 117603
3092 1643
4668557 4735
58437 4881
149106 63318
555194 212424
4673292 767618
5440910 134
5441044 9
5441053 3
5441056 8
5441064 8
5441064 44
5441108 12
5441120 17
5441137 19
5441156 41
5441156 59
5441215 37
5441252 5
5441257 19
5441276 24
5441215 134
5441349 1
5441349 44
5441393 3
5441300 142
5441396 131
5441527 8
5441156 598
5441754 76
5441830 14
5441844 5
5441849 12
5441861 57
5441918 13
5441918 288
5442206 51
5442257 75
51 1
5442332 52
5442332 277
5441527 1179
5442706 35
5441156 1658
5442814 53
5442741 162
5442903 140
5441931 1138
59 2
5443069 61
5443130 31
5442384 1008
5442903 705
146 1
5443608 147
5443755 44
5441442 2829
5443755 897
5441053 5343
5446396 21
577 39
5446417 616
5446417 824
5447241 128
5447369 2
5447033 494
474 4
5447527 478
5441849 6990
5448839 68
2912 304
5448907 3216
239 5
5452123 244
399 5
5452367 404
149 1
5452771 150
1138 11
5452921 1149
667 9
5454070 676
774 2
5454746 776
676 9
5455522 685
541 14
5456207 555
21 2
5456762 23
2253 478
5456785 2731
513 10
5459516 523
5455522 4767
5460289 193
4852 9
5460482 4861
4384 64
5465343 4448
1365 193
5469791 1558
937 7
5471349 944
776 1
5472293 777
5473070 288
5471349 2912
1860 13
5474261 1873
2346 45
5476134 2391
7379 3345
5478525 10724
1873 375
5489249 2248
3959 79
5491497 4038
1811 16
5495535 1827
3216 4
5497362 3220
1681 64
5500582 1745
1290 1
5502327 1291
5849 52
5503618 5901
1055 52
5509519 1107
5510626 1310
147 1
9651 148
5511936 9799
4881 3424
5521735 8305
2346 12
5530040 2358
3959 75
5532398 4034
1397 141
5536432 1538
21 1
6990 22
5537970 7012
1811 1
5544982 1812
209 3
32143 212
5546794 32355
9557 3077
5579149 12634
8305 3637
5591783 11942
450 7
30906 457
5603725 31363
281 6
11094 287
5635088 11381
3749 189
5646469 3938
494 4
6283 498
5650407 6781
193 13
10724 206
5657188 10930
2731 7
5668118 2738
10930 1285
5670856 12215
5670856 63318
22232 471
5734174 22703
577 2
35010 579
5756877 35589
944 3
27432 947
5792466 28379
31363 7123
5820845 38486
4686 3566
5859331 8252
11381 1008
5867583 12389
4368 1811
5879972 6179
29093 1107
5886151 30200
33765 39
5916351 33804
3077 6
54511 3083
5950155 57594
29851 76
6007749 29927
4384 884
131072 5268
6037676 136340
24 1
38486 25
6174016 38511
5901 37
6212527 5938
3083 206
124282 3289
6218465 127571
5901 1433
6346036 7334
1913 53
6353370 1966
1138 9
16744 1147
6355336 17891
18034 303
70981 18337
6373227 89318
30906 4861
6462545 35767
573 2
62619 575
6498312 63194
29093 13400
6561506 42493
478 11
28426 489
6603999 28915
309 3
15483 312
6632914 15795
7525 75
94097 7600
6648709 101697
897 8
6750406 905
12389 3858
149106 16247
262144 165353
6751311 427497
17891 206
7178808 18097
4384 133
89318 4517
7196905 93835
15987 937
555194 16924
7290740 572118
149106 58213
7862858 207319
523 13
94097 536
8070177 94633
4384 24
117603 4408
8164810 122011
33804 1323
8286821 35127
232 1
65536 233
262144 65769
8321948 327913
12874 5938
327913 18812
8649861 346725
27432 1326
8996586 28758
1873 27
58437 1900
262144 60337
9025344 322481
206 2
36428 208
165353 36636
9347825 201989
18812 16247
1346890 35059
9549814 1381949
10931763 151
10931914 2
10931916 5
10931921 9
10931930 6
10931936 6
10931942 10
10931952 11
10931963 28
10931991 1
10931992 64
10932056 45
10932101 65
10932166 21
10932187 19
10932206 10
10932216 9
10932225 7
10932232 19
10932251 5
10932256 22
10932278 8
10932286 42
10932286 112
10932398 14
10932412 10
10932251 254
10932505 218
10932723 6
10932412 360
10932772 33
10932729 106
10932835 14
10932849 28
10932877 31
10932908 14
10932922 151
10933073 154
10933227 79
10933227 270
10933497 360
10932256 1812
10931921 2358
10932412 2132
10933306 1358
10934664 51
375 1
10934715 376
10934715 667
10935091 618
10935382 376
10932729 3233
10933857 2185
10932505 3858
39 1
10936363 40
10935382 1107
10934068 2731
10933227 5672
10938899 23
756 10
10938922 766
10938899 947
1251 16
10939846 1267
228 2
10941113 230
10936403 5672
1558 37
10942075 1595
10943670 8
536 4
10943678 540
10943670 1625
10945295 17
1658 14
10945312 1672
28 1
10946984 29
1185 10
10947013 1195
10932398 18604
4905 5
10951002 4910
1038 1
10955912 1039
930 3
10956951 933
2090 24
10957884 2114
667 1
10959998 668
10955912 4881
705 4
10960793 709
1827 21
10961502 1848
1913 48
10963350 1961
10965311 982
4096 22
10966293 4118
3566 14
10970411 3580
399 1
6283 400
10973991 6683
1625 11
10980674 1636
5901 55
10982310 5956
1681 2
10988266 1683
478 6
10989949 484
4273 47
10990433 4320
9799 154
10994753 9953
3959 109
11004706 4068
11008774 256
13400 667
11009030 14067
2526 173
11023097 2699
15075 160
11025796 15235
437 4
11041031 441
3233 48
11041472 3281
937 5
11044753 942
1397 32
11045695 1429
224 1
19930 225
11047124 20155
944 1
11067279 945
11381 209
11068224 11590
1013 8
11079814 1021
11080835 5956
4767 230
11086791 4997
14691 2358
11091788 17049
45272 621
11108837 45893
1643 1
23574 1644
11154730 25218
12680 1178
11179948 13858
376 13
29093 389
11193806 29482
23574 2838
11223288 26412
11094 79
11249700 11173
70981 2948
11260873 73929
340 4
23574 344
11334802 23918
15235 212
11358720 15447
357 1
42493 358
11374167 42851
20247 777
11417018 21024
4517 147
11438042 4664
621 27
9953 648
11442706 10601
1055 3
51244 1058
11453307 52302
28379 5901
11505609 34280
23116 12578
11539889 35694
676 4
51244 680
11575583 51924
7012 1
11627507 7013
16247 256
11634520 16503
3637 10
89318 3647
11651023 92965
6683 17
136340 6700
11743988 143040
2292 37
65769 2329
11887028 68098
3687 15
11955126 3702
35589 28758
11958828 64347
38486 10
12023175 38496
2114 9
54511 2123
12061671 56634
680 3
18812 683
12118305 19495
1024 10
40586 1034
12137800 41620
38496 579
12179420 39075
710 6
34280 716
165353 34996
12218495 200349
6283 680
346725 6963
12418844 353688
38511 218
12772532 38729
685 8
101697 693
12811261 102390
28426 32
165353 28458
12913651 193811
621 8
58437 629
13107462 59066
824 51
54511 875
13166528 55386
3566 9
201989 3575
13221914 205564
3162 13
94633 3175
13427478 97808
1683 59
42851 1742
427497 44593
13525286 472090
2463 52
13997376 2515
4517 13
207319 4530
13999891 211849
94633 1757
14211740 96390
9651 51
212424 9702
14308130 222126
38729 1681
572118 40410
14530256 612528
31363 30906
353688 62269
15142784 415957
40410 555
353688 40965
15558741 394653
309 2
19586 311
222126 19897
767618 242023
15953394 1009641
418 17
30200 435
262144 30635
16963035 292779
3092 27
346725 3119
17255814 349844
7659 256
524288 7915
17605658 532203
16924 27
394653 16951
18137861 411604
35589 469
427497 36058
18549465 463555
13858 47
292779 13905
19013020 306684
30906 942
353688 31848
19319704 385536
19705240 131
19705371 23
19705394 3
19705397 11
19705408 6
19705414 27
19705441 9
19705450 8
19705458 6
19705464 5
19705441 94
19705535 14
19705549 24
19705573 32
19705605 44
19705649 2
19705651 37
19705688 4
19705692 2
19705694 2
19705694 84
19705696 142
19705838 62
19705900 4
19705904 1
19705838 133
19705905 270
19706175 8
19706183 35
19705838 450
19706288 193
19706481 12
19706493 140
19706633 6
19705240 1538
19706639 224
19706493 471
19706964 94
19707058 150
19707058 575
160 1
19707633 161
19706633 1397
19708030 1
19708031 109
19705408 3029
19708437 344
19705408 3628
19709036 142
19709178 45
19708030 1848
19705692 4997
19710689 141
19710830 39
19710869 810
19711679 32
19710689 1625
176 6
19712314 182
19712496 114
494 3
19712610 497
19713107 437
19705240 9377
1058 8
19714617 1066
3281 6
19715683 3287
1034 1
19718970 1035
193 8
19720005 201
19720206 94
19718970 1848
19720818 254
19721072 147
19705414 16744
272 3
19722158 275
19706481 16503
19722984 4273
2248 31
19727257 2279
2279 8
19729536 2287
19705394 27432
716 39
19732826 755
559 2
19733581 561
457 9
19734142 466
3959 16
19734608 3975
19712610 28458
7379 1130
19741068 8509
19749577 933
4686 497
19750510 5183
19705904 51244
4530 37
19757148 4567
1055 2
19761715 1057
919 4
19762772 923
2756 6
19763695 2762
4997 40
19766457 5037
824 35
19771494 859
3119 7
19772353 3126
14395 7659
19775479 22054
1757 5
19797533 1762
2090 23
19799295 2113
9651 121
19801408 9772
12215 621
19811180 12836
982 8
19824016 990
598 10
19825006 608
57594 9702
19825614 67296
6841 944
19892910 7785
4408 2
19900695 4410
7600 57
19905105 7657
5275 9
19912762 5284
5672 109
19918046 5781
1973 8
19923827 1981
1683 5
19925808 1688
28915 5183
19927496 34098
4474 12
19961594 4486
21067 256
19966080 21323
9290 212
19987403 9502
33427 17
19996905 33444
3858 50
73929 3908
20030349 77837
9953 31
20108186 9984
16951 579
20118170 17530
20135700 33427
7915 161
20169127 8076
19586 5284
20177203 24870
17049 404
20202073 17453
1981 45
89318 2026
20219526 91344
340 3
21323 343
20310870 21666
18604 709
20332536 19313
1149 19
97808 1168
20351849 98976
17530 81
20450825 17611
25218 2048
20468436 27266
990 2
55386 992
20495702 56378
56634 29482
20552080 86116
10601 905
20638196 11506
182 2
101697 184
20649702 101881
6179 248
20751583 6427
11381 4852
20758010 16233
36636 288
20774243 36924
4118 48
117603 4166
20811167 121769
12842 512
165353 13354
20932936 178707
18604 1107
21111643 19711
22703 484
21131354 23187
4905 72
292779 4977
21154541 297756
60690 2346
21452297 63036
8509 287
262144 8796
21515333 270940
777 3
73929 780
21786273 74709
8192 28
242023 8220
21860982 250243
884 10
136340 894
22111225 137234
62269 14691
22248459 76960
76960 629
22325419 77589
450 1
52302 451
22403008 52753
6700 705
149106 7405
22455761 156511
7334 418
22612272 7752
3424 27
555194 3451
22620024 558645
19495 905
427497 20400
23178669 447897
22232 9317
767618 31549
23626566 799167
40410 6795
472090 47205
24425733 519295
629 10
40965 639
24945028 41604
12634 498
165353 13132
799167 178485
24986632 977652
11590 2132
222126 13722
25964284 235848
2433 1
124282 2434
26200132 126716
5938 233
327913 6171
26326848 334084
5445 72
532203 5517
26660932 537720
2391 15
124282 2406
27198652 126688
1683 39
201989 1722
27325340 203711
2515 81
117603 2596
612528 120199
27529051 732727
2526 3
297756 2529
28261778 300285
65769 2829
799167 68598
28562063 867765
2731 94
415957 2825
29429828 418782
21323 4273
1811228 25596
29848610 1836824
24870 84
472090 24954
31685434 497044
4410 3
497044 4413
32182478 501457
300285 62
32683935 300347
8076 25
501457 8101
32984282 509558
7190 977
156511 8167
2078738 164678
33493840 2243416
41604 1658
14211740 43262
35737256 14255002
49992258 146
49992404 9
49992413 7
49992420 8
49992428 24
49992452 2
49992454 25
49992479 19
49992498 9
49992507 2
49992509 7
49992516 16
49992532 29
49992532 130
49992662 4
49992666 9
49992675 21
49992696 16
49992712 9
49992696 59
49992666 135
49992696 148
49992844 74
49992844 128
49992972 14
49992972 32
49993004 22
49993026 22
49993026 142
49993168 27
49993168 131
49992696 800
49993496 21
49993517 40
49993496 128
49993517 176
49993693 94
49993787 1
49993693 357
49994050 4
49992696 2279
49994975 233
281 5
49995208 286
49994975 776
49995751 103
49995751 163
49995914 27
49993299 2838
49996137 11
49996148 20
49996148 400
49993693 3029
256 10
49996722 266
49996988 286
49995494 2026
49992507 5445
49996148 1873
49997952 272
49997952 499
1149 7
49998451 1156
49998021 2529
49998224 3233
1195 31
50001457 1226
50002683 575
50003258 31
668 5
50003289 673
579 11
50003962 590
441 2
50004552 443
50003258 3575
50006833 74
5037 45
50006907 5082
997 1
50011989 998
2463 19
50012987 2482
50015469 1149
1443 20
50016618 1463
659 7
50018081 666
50011989 7785
49992801 29093
49992420 29927
2358 25
50022347 2383
49995854 33427
2132 3
50029281 2135
1066 40
50031416 1106
457 8
50032522 465
5781 39
50032987 5820
9651 400
50038807 10051
3959 3
50048858 3962
49993693 60690
1066 6
50054383 1072
50055455 1251
49995751 68598
103 1
50064349 104
50064453 4735
7334 131
50069188 7465
4038 12
50076653 4050
17049 288
50080703 17337
1429 3
50098040 1432
816 4
50099472 820
6841 64
50100292 6905
3233 15
50107197 3248
24870 130
50110445 25000
9953 1745
50135445 11698
4735 10
50147143 4745
11804 360
50151888 12164
2208 10
50164052 2218
3281 1
50166270 3282
3749 52
50169552 3801
2838 35
50173353 2873
9702 55
50176226 9757
1008 1
50185983 1009
2596 64
102390 2660
50186992 105050
3175 20
50292042 3195
31363 224
50295237 31587
15235 11094
50326824 26329
34280 9317
50353153 43597
923 3
50396750 926
39609 256
50397676 39865
11804 668
50437541 12472
34098 1388
50450013 35486
14581 94
50485499 14675
3637 28
77837 3665
50500174 81502
38511 435
50581676 38946
1397 29
50620622 1426
35127 163
50622048 35290
408 2
52302 410
50657338 52712
58319 23
50710050 58342
1185 40
81502 1225
50768392 82727
2292 33
50851119 2325
2660 35
105050 2695
50853444 107745
34098 109
50961189 34207
1334 15
117603 1349
50995396 118952
94097 2948
51114348 97045
35290 17530
51211393 52820
884 6
109580 890
51264213 110470
2626 12
156511 2638
51374683 159149
15866 2132
51533832 17998
2048 33
70981 2081
51551830 73062
8305 65
178707 8370
51624892 187077
1397 15
94633 1412
51811969 96045
2948 64
149106 3012
51908014 152118
5343 33
193811 5376
52060132 199187
23187 15
52259319 23202
11698 59
222126 11757
52282521 233883
126716 68598
52516404 195314
6990 6
52711718 6996
3702 14
334084 3716
52718714 337800
86116 6905
53056514 93021
45893 2218
53149535 48111
1397 7
124282 1404
53197646 125686
353688 9557
53323332 363245
58319 114
799167 58433
53686577 857600
266 1
28458 267
54544177 28725
4567 35
242023 4602
54572902 246625
2529 33
337800 2562
54819527 340362
2660 3
1417694 2663
55159889 1420357
17453 1745
427497 19198
56580246 446695
94097 28458
57026941 122555
2948 2
242023 2950
57149496 244973
18097 266
363245 18363
57394469 381608
960 8
235848 968
57776077 236816
15235 10
867765 15245
58012893 883010
3801 3
524288 3804
58895903 528092
19897 2950
1729036 22847
59423995 1751883
10724 408
883010 11132
61175878 894142
1327428 926
62070020 1328354
499 12
26412 511
612528 26923
63398374 639451
7123 48
1267275 7171
64037825 1274446
12472 76
165353 12548
65312271 177901
7600 13
537720 7613
65490172 545333
1365 17
152118 1382
66035505 153500
29927 399
1874367 30326
66189005 1904693
23202 275
894142 23477
68093698 917619
36924 905
799167 37829
69011317 836996
2838 1
572118 2839
69848313 574957
1412 2
532203 1414
70423270 533617
13132 575
3052723 13707
70956887 3066430
4320 40
222126 4360
74023317 226486
1595 5
137234 1600
3591231 138834
74249803 3730065
19711 1658
2795936 21369
77979868 2817305
39865 343
639451 40208
80797173 679659
