2912
1 1
2 2
4 4
8 8
16 16
32 32
64 64
128 128
256 256
512 512
1024 1024
2048 2048
4096 4096
8192 8192
16384 16384
32768 32768
65536 65536
131072 131072
2 1
4 3
16 7
32 23
64 55
512 119
2048 631
262144 2679
264823 264823
529646 529646
1059292 1059292
2118584 2118584
64 32
128 96
256 224
1024 480
4096 1504
8192 5600
16384 13792
131072 30176
264823 161248
1059292 426071
2118584 1485363
4237168 3603947
16384 8192
32768 24576
1059292 57344
7841115 1116636
256 55
4096 311
8192 4407
264823 12599
529646 277422
8957751 807068
1504 2
5600 1506
16384 7106
1116636 23490
9764819 1140126
256 8
2048 264
13792 2312
65536 16104
277422 81640
10904945 359062
23 4
64 27
631 91
57344 722
161248 58066
11264007 219314
32 3
512 35
30176 547
1485363 30723
11483321 1516086
64 16
4096 80
16384 4176
131072 20560
12999407 151632
16 4
96 20
1506 116
20560 1622
277422 22182
1140126 299604
2118584 1439730
13151039 3558314
8 1
80 9
128 89
722 217
4407 939
81640 5346
529646 86986
16709353 616632
512 64
5600 576
131072 6176
2118584 137248
17325985 2255832
311 64
1622 375
8192 1997
86986 10189
426071 97175
19581817 523246
128 9
722 137
2679 859
58066 3538
20105063 61604
4 1
55 5
631 60
30723 691
529646 31414
20166667 561060
137 64
12599 201
20727727 12800
20 1
264 21
1622 285
616632 1907
3603947 618539
20740527 4222486
35 5
1024 40
65536 1064
359062 66600
24963013 425662
119 35
1622 154
16384 1776
219314 18160
25388675 237474
55 23
375 78
24576 453
618539 25029
25626149 643568
311 9
20560 320
26269717 20880
64 9
1064 73
10189 1137
561060 11326
26290597 572386
119 8
1137 127
22182 1264
1059292 23446
26862983 1082738
23490 40
1140126 23530
27945721 1163656
23 3
29109377 26
32 20
722 52
31414 774
359062 32188
29109403 391250
264 5
23530 269
97175 23799
29500653 120974
55 1
1622 56
16384 1678
29621627 18062
547 154
8192 701
97175 8893
807068 106068
2255832 913136
29639689 3168968
80 2
18062 82
219314 18144
2255832 237458
32808657 2493290
285 128
10189 413
32768 10602
572386 43370
35301947 615756
35 4
320 39
2312 359
97175 2671
643568 99846
35917703 743414
576 20
32768 596
643568 33364
36661117 676932
5600 20
33364 5620
807068 38984
37338049 846052
722 8
16384 730
913136 17114
38184101 930250
1776 1264
33364 3040
1439730 36404
39114351 1476134
23490 26
40590485 23516
413 91
12800 504
43370 13304
846052 56674
40614001 902726
137 55
13792 192
137248 13984
1163656 151232
41516727 1314888
320 80
12800 400
161248 13200
42831615 174448
52 1
1137 53
20880 1190
529646 22070
43006063 551716
64 2
3538 66
1059292 3604
43557779 1062896
119 5
31414 124
643568 31538
44620675 675106
2679 39
131072 2718
45295781 133790
127 7
3040 134
38984 3174
2493290 42158
45429571 2535448
1264 127
58066 1391
426071 59457
2535448 485528
47965019 3020976
154 32
11326 186
1140126 11512
50985995 1151638
66 2
1064 68
22182 1132
743414 23314
52137633 766728
2718 60
846052 2778
52904361 848830
547 78
4407 625
299604 5032
53753191 304636
359 7
10602 366
572386 10968
54057827 583354
774 264
7106 1038
277422 8144
54641181 285566
5032 1622
359062 6654
54926747 365716
311 8
16384 319
426071 16703
55292463 442774
2679 264
25029 2943
391250 27972
55735237 419222
413 2
4407 415
99846 4822
2535448 104668
56154459 2640116
2312 26
33364 2338
2535448 35702
58794575 2571150
375 23
8192 398
66600 8590
1516086 75190
61365725 1591276
285 7
8893 292
426071 9185
62957001 435256
40 4
106068 44
1163656 106112
63392257 1269768
8192 2338
43370 10530
304636 53900
2640116 358536
64662025 2998652
9 2
4822 11
285566 4833
3603947 290399
67660677 3894346
11 3
2943 14
290399 2957
71555023 293356
3604 1038
2255832 4642
71848379 2260474
311 3
2338 314
61604 2652
74108853 64256
1064 154
120974 1218
930250 122192
74173109 1052442
124 2
5032 126
848830 5158
75225551 853988
134 44
22182 178
442774 22360
76079539 465134
75190 38984
3894346 114174
76544673 4008520
68 4
2048 72
114174 2120
80553193 116294
31414 178
485528 31592
80669487 517120
939 14
25029 953
1516086 25982
81186607 1542068
27972 8590
304636 36562
82728675 341198
415 27
25982 442
2260474 26424
83069873 2286898
13304 398
237474 13702
85356771 251176
285 2
18160 287
618539 18447
85607947 636986
8893 137
151632 9030
86244933 160662
512 20
22360 532
174448 22892
86405595 197340
4833 137
161248 4970
86602935 166218
217 1
13984 218
643568 14202
86769153 657770
5620 722
391250 6342
1591276 397592
87426923 1988868
201 1
16104 202
807068 16306
89415791 823374
1137 285
14202 1422
1062896 15624
90239165 1078520
202 11
10189 213
43370 10402
1591276 53772
91317685 1645048
625 311
61604 936
676932 62540
92962733 739472
366 124
33364 490
93702205 33854
400 7
16703 407
442774 17110
93736059 459884
691 16
18447 707
174448 19154
94195943 193602
8192 53
264823 8245
94389545 273068
6342 5600
174448 11942
2640116 186390
94662613 2826506
936 2
7106 938
1591276 8044
97489119 1599320
2943 201
853988 3144
99088439 857132
42158 26
930250 42184
99945571 972434
5032 1024
75190 6056
100918005 81246
287 1
3604 288
75190 3892
1314888 79082
100999251 1393970
2338 82
902726 2420
102393221 905146
442 26
131072 468
103298367 131540
4822 44
106112 4866
103429907 110978
4407 701
237474 5108
103540885 242582
269 1
15624 270
823374 15894
103783467 839268
435256 1622
104622735 436878
154 2
7106 156
166218 7262
3168968 173480
105059613 3342448
415 9
17114 424
219314 17538
108402061 236852
1504 224
116294 1728
1988868 118022
108638913 2106890
2312 156
905146 2468
110745803 907614
625 39
116294 664
111653417 116958
375 9
32768 384
1599320 33152
111770375 1632472
5620 4
583354 5624
113402847 588978
2468 60
53900 2528
1163656 56428
113991825 1220084
707 9
36562 716
1314888 37278
115211909 1352166
691 9
37278 700
1542068 37978
116564075 1580046
1422 20
902726 1442
118144121 904168
202 7
8245 209
397592 8454
119048289 406046
16306 10968
304636 27274
119454335 331910
224 2
4176 226
299604 4402
119786245 304006
2718 664
106112 3382
2286898 109494
120090251 2396392
730 80
104668 810
1988868 105478
122486643 2094346
1264 596
193602 1860
1645048 195462
124580989 1840510
6654 32
485528 6686
126421499 492214
27274 23446
676932 50720
126913713 727652
154 14
4176 168
341198 4344
127641365 345542
42158 224
127986907 42382
6056 217
618539 6273
128029289 624812
134 9
4407 143
43370 4550
676932 47920
128654101 724852
43370 8454
972434 51824
129378953 1024258
96 16
4642 112
137248 4754
130403211 142002
3892 40
66600 3932
130545213 70532
319 7
51824 326
1840510 52150
130615745 1892660
415 7
616632 422
132508405 617054
5346 512
436878 5858
133125459 442736
256 2
16384 258
492214 16642
133568195 508856
292 8
22360 300
1220084 22660
134077051 1242744
3174 14
492214 3188
135319795 495402
8590 82
219314 8672
135815197 227986
23314 5108
136043183 28422
6686 186
624812 6872
136071605 631684
28422 2652
1314888 31074
136703289 1345962
91 20
25029 111
1393970 25140
138049251 1419110
128 5
30723 133
930250 30856
139468361 961106
375 21
19154 396
1439730 19550
140429467 1459280
9030 716
643568 9746
141888747 653314
1907 40
264823 1947
142542061 266770
4970 4
81640 4974
142808831 86614
18160 112
1269768 18272
142895445 1288040
4096 3932
251176 8028
144183485 259204
1678 490
43370 2168
144442689 45538
532 4
14202 536
857132 14738
144488227 871870
20560 532
529646 21092
145360097 550738
716 576
195462 1292
145910835 196754
14738 154
1062896 14892
146107589 1077788
9030 202
86986 9232
2640116 96218
147185377 2736334
5 1
47920 6
1988868 47926
149921711 2036794
27274 40
1352166 27314
151958505 1379480
504 26
32188 530
972434 32718
153337985 1005152
939 5
131540 944
154343137 132484
6056 490
166218 6546
154475621 172764
2420 2
106112 2422
154648385 108534
21092 20
588978 21112
154756919 610090
8590 4176
657770 12766
155367009 670536
13304 66
807068 13370
156037545 820438
8028 4344
913136 12372
156857983 925508
4642 96
81640 4738
3342448 86378
157783491 3428826
730 4
1220084 734
161212317 1220818
532 2
7262 534
588978 7796
162433135 596774
3604 168
657770 3772
163029909 661542
1678 72
653314 1750
163691451 655064
2468 134
174448 2602
164346515 177050
27 3
8044 30
1379480 8074
164523565 1387554
2718 6
75190 2724
2396392 77914
165911119 2474306
237474 7106
168385425 244580
12372 314
1542068 12686
168630005 1554754
453 9
2640116 462
170184759 2640578
3604 96
676932 3700
172825337 680632
32768 1190
1645048 33958
173505969 1679006
730 14
277422 744
175184975 278166
186 2
43370 188
175463141 43558
1132 68
70532 1200
3168968 71732
175506699 3240700
701 3
596774 704
178747399 597478
664 6
653314 670
179344877 653984
7262 178
2286898 7440
179998861 2294338
75190 15624
182293199 90814
415 1
273068 416
182384013 273484
13702 226
871870 13928
182657497 885798
3700 64
81640 3764
1892660 85404
183543295 1978064
50720 56
1840510 50776
185521359 1891286
292 56
70532 348
2396392 70880
187412645 2467272
2338 52
636986 2390
189879917 639376
4402 2390
1163656 6792
190519293 1170448
3040 116
436878 3156
191689741 440034
68 2
680632 70
192129775 680702
653314 17538
192810477 670852
547 7
114174 554
193481329 114728
131540 13984
193596057 145524
4407 5
90814 4412
2118584 95226
193741581 2213810
166218 42184
4237168 208402
195955391 4445570
4738 52
122192 4790
200400961 126982
384 2
200527943 386
3156 4
66600 3160
200528329 69760
13928 504
2493290 14432
200598089 2507722
2168 2
419222 2170
203105811 421392
128 2
20880 130
3020976 21010
203527203 3041986
2957 56
145524 3013
3603947 148537
206569189 3752484
32188 128
1988868 32316
210321673 2021184
13928 4176
1892660 18104
212342857 1910764
56674 8672
3168968 65346
214253621 3234314
435256 300
217487935 435556
4642 936
293356 5578
217923491 298934
4790 730
442774 5520
218222425 448294
2528 530
273484 3058
218670719 276542
5158 320
1082738 5478
218947261 1088216
4550 134
137248 4684
220035477 141932
6872 3764
2260474 10636
220177409 2271110
5578 398
523246 5976
222448519 529222
462 5
132484 467
3603947 132951
222977741 3736898
774 4
653984 778
226714639 654762
1678 60
278166 1738
227369401 279904
5976 186
197340 6162
227649305 203502
670 8
131540 678
227852807 132218
22660 13792
766728 36452
227985025 803180
22660 68
1170448 22728
228788205 1193176
421392 664
229981381 422056
45538 19550
2640578 65088
230403437 2705666
13792 386
465134 14178
233109103 479312
1064 8
1193176 1072
233588415 1194248
18272 678
1910764 18950
234782663 1929714
33854 21112
4237168 54966
236712377 4292134
4974 32
1140126 5006
241004511 1145132
226 20
237474 246
242149643 237720
3772 70
177050 3842
242387363 180892
386 4
172764 390
242568255 173154
43558 32718
3428826 76276
242741409 3505102
11 1
273068 12
246246511 273080
536 2
66600 538
246519591 67138
14738 202
2640578 14940
246586729 2655518
1024 12
38984 1036
1929714 40020
249242247 1969734
2778 134
86986 2912
251211981 89898
5858 1024
397592 6882
251301879 404474
130 1
3382 131
1485363 3513
251706353 1488876
10602 12
1062896 10614
253195229 1073510
400 4
33958 404
766728 34362
254268739 801090
6882 722
304636 7604
255069829 312240
160662 5346
255382069 166008
13928 16
1269768 13944
255548077 1283712
7106 32
561060 7138
256831789 568198
6882 64
1269768 6946
257399987 1276714
10602 256
258676701 10858
314 4
30176 318
258687559 30494
10614 80
312240 10694
258718053 322934
20880 12
1220818 20892
259040987 1241710
1137 21
260282697 1158
131540 16642
260283855 148182
1997 73
803180 2070
260432037 805250
14738 112
1116636 14850
261237287 1131486
1158 70
801090 1228
262368773 802318
8144 1750
495402 9894
263171091 505296
13944 1728
743414 15672
263676387 759086
36562 23516
3240700 60078
264435473 3300778
1038 12
227986 1050
267736251 229036
1116636 12
267965287 1116648
3700 504
961106 4204
269081935 965310
7440 218
2271110 7658
270047245 2278768
27274 224
3428826 27498
272326013 3456324
6176 288
727652 6464
275782337 734116
3160 12
359062 3172
276516453 362234
13200 20
743414 13220
276878687 756634
1907 1
151632 1908
277635321 153540
551716 3772
277788861 555488
6546 4
1419110 6550
278344349 1425660
3842 72
925508 3914
279770009 929422
9185 375
448294 9560
280699431 457854
944 70
1062896 1014
281157285 1063910
11512 154
406046 11666
282221195 417712
30856 1442
282638907 32298
180892 13984
282671205 194876
8074 1442
572386 9516
282866081 581902
10968 396
1024258 11364
283447983 1035622
407 5
25140 412
1314888 25552
284483605 1340440
1228 14
47926 1242
1679006 49168
285824045 1728174
104668 52150
287552219 156818
13370 4
857132 13374
287709037 870506
5032 72
266770 5104
288579543 271874
4407 1
208402 4408
288851417 212810
116294 6342
289064227 122636
3013 21
1393970 3034
289186863 1397004
43370 530
290583867 43900
5624 56
1840510 5680
290627767 1846190
3772 178
965310 3950
292473957 969260
1504 112
1276714 1616
293443217 1278330
11364 10402
3300778 21766
294721547 3322544
2170 124
1116648 2294
298044091 1118942
2338 16
212810 2354
299163033 215164
6056 70
1269768 6126
299378197 1275894
5976 68
465134 6044
300654091 471178
1442 2
417712 1444
301125269 419156
292 1
148537 293
301544425 148830
10614 6126
2474306 16740
301693255 2491046
15624 1064
1459280 16688
304184301 1475968
1242 60
331910 1302
305660269 333212
54966 134
305993481 55100
4738 44
624812 4782
306048581 629594
1506 44
505296 1550
306678175 506846
2724 116
266770 2840
307185021 269610
43558 6654
3041986 50212
307454631 3092198
568198 10614
310546829 578812
1750 23
426071 1773
311125641 427844
3382 218
1052442 3600
311553485 1056042
468 6
551716 474
312609527 552190
2652 348
471178 3000
313161717 474178
16740 178
1088216 16918
4445570 1105134
313635895 5550704
17538 366
1170448 17904
319186599 1188352
1292 68
180892 1360
320374951 182252
326 14
24576 340
680702 24916
320557203 705618
1064 2
333212 1066
321262821 334278
3842 192
1419110 4034
321597099 1423144
462 4
285566 466
323020243 286032
2652 8
561060 2660
323306275 563720
6792 16
680702 6808
323869995 687510
1059292 3950
324557505 1063242
11666 56
1088216 11722
325620747 1099938
1072 26
90814 1098
326720685 91912
31592 938
326812597 32530
219314 128
326845127 219442
716 56
90814 772
327064569 91586
1776 32
391250 1808
327156155 393058
47920 772
327549213 48692
687510 264
327597905 687774
953 53
803180 1006
328285679 804186
4344 40
1516086 4384
329089865 1520470
3764 390
1340440 4154
330610335 1344594
1444 56
839268 1500
331954929 840768
442774 145524
332795697 588298
6176 32
427844 6208
333383995 434052
2036794 629594
333818047 2666388
8192 384
807068 8576
336484435 815644
2468 44
91912 2512
2294338 94424
337300079 2388762
1425660 2
339688841 1425662
3058 44
208402 3102
341114503 211504
62540 744
341326007 63284
3034 16
1846190 3050
341389291 1849240
913136 79082
343238531 992218
148182 2390
344230749 150572
1506 134
631684 1640
344381321 633324
79082 744
3342448 79826
345014645 3422274
11512 134
345542 11646
348436919 357188
14432 156
885798 14588
348794107 900386
2840 68
334278 2908
349694493 337186
3040 60
279904 3100
350031679 283004
6342 8
219442 6350
350314683 225792
6946 4
597478 6950
350540475 604428
79082 3172
351144903 82254
298934 6946
351227157 305880
953 1
853988 954
351533037 854942
2512 4
1892660 2516
352387979 1895176
1264 6
110978 1270
354283155 112248
9894 1066
1554754 10960
354395403 1565714
33152 17904
355961117 51056
16740 52
2213810 16792
356012173 2230602
1728 6
440034 1734
358242775 441768
19550 60
365716 19610
358684543 385326
62540 96
359069869 62636
468 3
264823 471
359132505 265294
304636 299604
359397799 604240
52150 416
360002039 52566
22728 218
2396392 22946
360054605 2419338
7796 6
251176 7802
362473943 258978
4204 70
186390 4274
362732921 190664
1616 52
186390 1668
362923585 188058
390 2
1163656 392
363111643 1164048
26424 23446
3752484 49870
364275691 3802354
62636 16306
2118584 78942
368078045 2197526
1997 209
153540 2206
370275571 155746
246 4
1194248 250
370431317 1194498
293 4
18447 297
365716 18744
371625815 384460
10189 111
372010275 10300
10530 16
992218 10546
372020575 1002764
7802 20
373023339 7822
9516 936
2106890 10452
373031161 2117342
11326 4866
687774 16192
375148503 703966
18144 4
1488876 18148
375852469 1507024
53772 1158
1728174 54930
377359493 1783104
2070 60
529646 2130
4445570 531776
379142597 4977346
13220 422
1035622 13642
384119943 1049264
2420 404
133790 2824
385169207 136614
6350 250
807068 6600
385305821 813668
13792 8
823374 13800
386119489 837174
1014 20
271874 1034
386956663 272908
1678 12
251176 1690
387229571 252866
286032 744
387482437 286776
52566 17110
2118584 69676
387769213 2188260
9560 3
3603947 9563
389957473 3613510
11512 14
3736898 11526
393570983 3748424
36404 14588
2036794 50992
397319407 2087786
3604 68
252866 3672
399407193 256538
17114 392
1005152 17506
399663731 1022658
2294 8
965310 2302
400686389 967612
50776 6808
401654001 57584
106112 2824
401711585 108936
136614 16
401820521 136630
631 27
145524 658
401957151 146182
2679 3
244580 2682
402103333 247262
15894 1200
1599320 17094
402350595 1616414
2943 319
1728174 3262
403967009 1731436
30494 5108
405698445 35602
508856 54966
405734047 563822
5346 2
885798 5348
406297869 891146
53900 2302
407189015 56202
32718 1750
2118584 34468
407245217 2153052
14588 8
766728 14596
409398269 781324
131 1
334278 132
410179593 334410
1947 111
1220818 2058
410514003 1222876
2736334 13370
411736879 2749704
36404 18148
414486583 54552
60078 14588
2294338 74666
414541135 2369004
6808 512
416910139 7320
247262 42382
416917459 289644
3382 14
848830 3396
417207103 852226
576 4
419222 580
4445570 419802
418059329 4865372
5108 340
1520470 5448
422924701 1525918
38984 134
1731436 39118
424450619 1770554
2724 2
823374 2726
426221173 826100
366 2
572386 368
427047273 572754
727652 42158
427620027 769810
2840 64
1488876 2904
428389837 1491780
1506 30
930250 1536
429881617 931786
1776 12
122636 1788
430813403 124424
1442 30
643568 1472
430937827 645040
6273 111
485528 6384
431582867 491912
174448 18272
432074779 192720
6686 156
448294 6842
432267499 455136
36562 384
432722635 36946
8454 56
1507024 8510
432759581 1515534
1158 2
1419110 1160
434275115 1420270
512 4
85404 516
435695385 85920
195462 38984
435781305 234446
213 3
359062 216
436015751 359278
4412 80
161248 4492
436375029 165740
17538 4
531776 17542
436540769 549318
670852 1050
437090087 671902
580 70
215164 650
437761989 215814
11722 32
1929714 11754
437977803 1941468
7658 64
1580046 7722
439919271 1587768
56202 116
2826506 56318
441507039 2882824
37278 192
1783104 37470
444389863 1820574
938 44
417712 982
446210437 418694
6176 12
1616414 6188
446629131 1622602
5680 168
517120 5848
448251733 522968
4176 78
166218 4254
448774701 170472
485528 16
448945173 485544
32530 132
3168968 32662
449430717 3201630
5976 32
1164048 6008
452632347 1170056
143 5
1525918 148
453802403 1526066
2206 82
655064 2288
455328469 657352
10546 2048
2396392 12594
455985821 2408986
337186 130
458394807 337316
1052442 1808
458732123 1054250
6342 116
972434 6458
459786373 978892
150572 1908
460765265 152480
43370 442
3558314 43812
460917745 3602126
6188 44
312240 6232
464519871 318472
272908 133790
464838343 406698
8893 3
365716 8896
465245041 374612
362234 126
465619653 362360
4034 112
474178 4146
465982013 478324
3160 178
177050 3338
466460337 180388
43900 16642
2882824 60542
466640725 2943366
485544 6126
469584091 491670
859 55
1116648 914
470075761 1117562
914 6
610090 920
471193323 611010
6546 32
322934 6578
471804333 329512
23314 1442
2153052 24756
472133845 2177808
3892 20
572754 3912
474311653 576666
2824 78
397592 2902
474888319 400494
13370 154
1459280 13524
475288813 1472804
3842 68
517120 3910
476761617 521030
1160 20
374612 1180
477282647 375792
192 8
357188 200
4445570 357388
477658439 4802958
105478 1776
3613510 107254
482461397 3720764
716 52
448294 768
486182161 449062
2824 6
857132 2830
486631223 859962
2726 30
1783104 2756
487491185 1785860
1228 6
506846 1234
489277045 508080
10614 168
1910764 10782
489785125 1921546
1222876 427844
491706671 1650720
6232 32
345542 6264
493357391 351806
56318 40
2749704 56358
493709197 2806062
32662 16192
496515259 48854
202 4
104668 206
496564113 104874
417712 6176
496668987 423888
39118 124
2036794 39242
497092875 2076036
6273 1
1145132 6274
499168911 1151406
774 78
837174 852
500320317 838026
12594 1014
1565714 13608
501158343 1579322
1292 2
229036 1294
502737665 230330
449062 6350
502967995 455412
1294 32
2806062 1326
503423407 2807388
50776 37470
506230795 88246
21092 1536
2294338 22628
506319041 2316966
5680 6
680702 5686
508636007 686388
74666 66
509322395 74732
4412 40
1314888 4452
509397127 1319340
250 2
357388 252
510716467 357640
3842 16
161248 3858
511074107 165106
16918 424
1352166 17342
511239213 1369508
19550 744
2036794 20294
512608721 2057088
148182 118022
514665809 266204
3396 70
215814 3466
514932013 219280
629594 396
515151293 629990
1054250 362360
515781283 1416610
4274 14
2507722 4288
517197893 2512010
3040 2
99846 3042
519709903 102888
65088 256
519812791 65344
178 6
341198 184
519878135 341382
455136 2512
520219517 457648
1738 292
1140126 2030
520677165 1142156
6350 16
1476134 6366
521819321 1482500
6686 80
826100 6766
523301821 832866
6188 16
495402 6204
524134687 501606
7106 658
2655518 7764
524636293 2663282
5600 4
3300778 5604
527299575 3306382
2170 1
618539 2171
530605957 620710
9746 256
1151638 10002
531226667 1161640
2512 124
1476134 2636
532388307 1478770
687510 561060
533867077 1248570
615756 182252
535115647 798008
108534 3772
535913655 112306
16104 134
1194498 16238
536025961 1210736
230330 4642
537236697 234972
2756 32
1024258 2788
537471669 1027046
7440 12
1027046 7452
538498715 1034498
81640 2904
539533213 84544
691 3
495402 694
539617757 496096
12372 670
931786 13042
540113853 944828
3764 70
931786 3834
541058681 935620
359 3
675106 362
541994301 675468
807068 734
542669769 807802
7822 678
1288040 8500
543477571 1296540
7440 8
2294338 7448
544774111 2301786
131072 224
547075897 131296
3342448 6766
547207193 3349214
1788 2
1278330 1790
550556407 1280120
596 6
305880 602
551836527 306482
490 2
212810 492
552143009 213302
1160 14
555488 1174
552356311 556662
1750 20
312240 1770
552912973 314010
655064 704
553226983 655768
4684 116
2826506 4800
553882751 2831306
2120 32
161248 2152
556714057 163400
1302 52
687774 1354
556877457 689128
14596 704
1296540 15300
557566585 1311840
781324 982
558878425 782306
2830 20
1770554 2850
559660731 1773404
177050 105478
561434135 282528
3174 250
661542 3424
561716663 664966
631684 406698
562381629 1038382
474178 252
563420011 474430
81246 384
563894441 81630
1860 132
449062 1992
563976071 451054
4833 131
1910764 4964
564427125 1915728
8500 318
2666388 8818
566342853 2675206
32718 348
2571150 33066
569018059 2604216
10694 70
782306 10764
571622275 793070
1770 124
161248 1894
572415345 163142
393058 3034
572578487 396092
25982 938
2831306 26920
572974579 2858226
174448 65536
575832805 239984
4550 30
759086 4580
576072789 763666
5686 264
2188260 5950
576836455 2194210
3338 40
769810 3378
579030665 773188
832866 66600
579803853 899466
259204 44
580703319 259248
1525918 13944
580962567 1539862
3950 78
1131486 4028
582502429 1135514
676932 5478
583637943 682410
148182 16306
584320353 164488
8896 20
3428826 8916
584484841 3437742
1788 12
523246 1800
587922583 525046
1422 44
1969734 1466
588447629 1971200
631 7
331910 638
590418829 332548
655064 285566
590751377 940630
312240 504
591692007 312744
50212 1860
3802354 52072
592004751 3854426
1218 6
724852 1224
595859177 726076
441768 320
596585253 442088
11722 192
1988868 11914
597027341 2000782
2390 8
71732 2398
599028123 74130
119 3
1921546 122
599102253 1921668
1947 1
529646 1948
601023921 531594
1264 16
552190 1280
601555515 553470
5032 404
1425662 5436
602108985 1431098
793070 14178
603540083 807248
4412 20
345542 4432
604347331 349974
62540 20892
604697305 83432
2528 96
247262 2624
604780737 249886
1894 12
400494 1906
605030623 402400
6264 4
2260474 6268
605433023 2266742
10402 78
1170448 10480
607699765 1180928
12800 226
2419338 13026
608880693 2432364
2516 96
1478770 2612
611313057 1481382
384460 3058
612794439 387518
320 2
2663282 322
613181957 2663604
8028 852
1105134 8880
615845561 1114014
457854 6872
616959575 464726
404474 8500
617424301 412974
2048 32
1488876 2080
617837275 1490956
992218 1292
619328231 993510
4833 21
2736334 4854
620321741 2741188
9232 318
1319340 9550
623062929 1328890
218 2
655768 220
624391819 655988
852 4
345542 856
625047807 346398
14892 314
1296540 15206
625394205 1311746
617054 7320
626705951 624374
2206 20
763666 2226
627330325 765892
554 20
417712 574
628096217 418286
5624 202
993510 5826
628514503 999336
1507024 25552
629513839 1532576
3772 6
508856 3778
631046415 512634
165740 936
631559049 166676
856 40
1785860 896
631725725 1786756
10968 772
689128 11740
633512481 700868
2422 40
2535448 2462
634213349 2537910
1790 56
846052 1846
636751259 847898
10480 16
1118942 10496
637599157 1129438
116 2
425662 118
638728595 425780
1352166 602
639154375 1352768
440034 164488
640507143 604522
1536 2
931786 1538
641111665 933324
3538 224
306482 3762
642044989 310244
8044 64
1397004 8108
642355233 1405112
1278330 216
643760345 1278546
8192 44
1222876 8236
645038891 1231112
2420 20
1491780 2440
646270003 1494220
9560 168
1849240 9728
647764223 1858968
1164048 16740
649623191 1180788
852226 64256
650803979 916482
4288 78
705618 4366
651720461 709984
727652 20880
652430445 748532
722 4
155746 726
653178977 156472
44 4
234446 48
653335449 234494
3604 52
2826506 3656
653569943 2830162
4492 32
944828 4524
656400105 949352
1180 4
700868 1184
657349457 702052
52072 3600
658051509 55672
52072 1234
658107181 53306
143 3
561060 146
658160487 561206
778 6
848830 784
658721693 849614
341382 174448
659571307 515830
602 2
95226 604
660087137 95830
686388 3932
660182967 690320
265294 920
660873287 266214
1969734 43812
661139501 2013546
617054 306482
663153047 923536
1915728 655064
664076583 2570792
161248 852
666647375 162100
337316 512
666809475 337828
478324 277422
667147303 755746
1579322 105478
667903049 1684800
1790 2
1135514 1792
669587849 1137306
655988 1354
670725155 657342
3262 20
588978 3282
671382497 592260
137 3
616632 140
671974757 616772
7452 20
1105134 7472
5550704 1112606
672591529 6663310
1038 8
505296 1046
679254839 506342
4254 16
3240700 4270
679761181 3244970
15206 132
1439730 15338
683006151 1455068
4550 116
1099938 4666
684461219 1104604
576 14
807802 590
685565823 808392
8672 80
1494220 8752
686374215 1502972
375 7
249886 382
687877187 250268
1035622 419802
688127455 1455424
19610 56
1248570 19666
689582879 1268236
286032 96
690851115 286128
8192 26
1599320 8218
691137243 1607538
7262 32
709984 7294
692744781 717278
27498 2294
2675206 29792
693462059 2704998
43370 146
696167057 43516
485528 348
696210573 485876
3382 64
182252 3446
4008520 185698
696696449 4194218
419156 5826
700890667 424982
1137 5
177050 1142
701315649 178192
252866 604
701493841 253470
310244 237458
701747311 547702
655988 2840
702295013 658828
424 2
227986 426
702953841 228412
418694 114728
703182253 533422
2440 12
2675206 2452
703715675 2677658
3700 60
717278 3760
706393333 721038
416 2
304006 418
707114371 304424
86614 118
707418795 86732
1311840 252866
707505527 1564706
27972 1444
3201630 29416
709070233 3231046
3174 12
1439730 3186
712301279 1442916
517120 7472
713744195 524592
572754 6950
714268787 579704
549318 14178
714848491 563496
164488 9728
715411987 174216
554 6
293356 560
715586203 293916
312744 1500
715880119 314244
885798 1622
716194363 887420
1591276 146
717081783 1591422
8916 474
1442916 9390
718673205 1452306
501606 234494
720125511 736100
18950 896
720861611 19846
406046 3058
720881457 409104
6384 52
891146 6436
721290561 897582
722188143 30494
27314 320
1786756 27634
722218637 1814390
6008 2
1345962 6010
724033027 1351972
136614 36452
725384999 173066
506342 262144
725558065 768486
2516 30
620710 2546
726326551 623256
15300 318
1005152 15618
726949807 1020770
1947 39
146182 1986
727970577 148168
555488 3000
728118745 558488
930250 8896
728677233 939146
602 12
700868 614
729616379 701482
212810 774
730317861 213584
1190 2
820438 1192
730531445 821630
14850 148
1352768 14998
731353075 1367766
3656 8
563822 3664
732720841 567486
173154 982
733288327 174136
5826 68
465134 5894
733462463 471028
391250 85920
733933491 477170
572386 65088
734410661 637474
156 2
457854 158
735048135 458012
11326 128
1328890 11454
735506147 1340344
334410 37470
736846491 371880
1442 20
318472 1462
737218371 319934
920 8
1276714 928
737538305 1277642
297 1
45538 298
738815947 45836
442 8
286128 450
738861783 286578
1038382 326
739148361 1038708
78942 1066
740187069 80008
6010 16
1397004 6026
740267077 1403030
13928 4
1296540 13932
741670107 1310472
1506 14
682410 1520
742980579 683930
1391 7
170472 1398
743664509 171870
5686 122
1105134 5808
743836379 1110942
538 6
116958 544
744947321 117502
1098 8
1728174 1106
745064823 1729280
89 1
1895176 90
746794103 1895266
1194248 678
748689369 1194926
37278 1520
3505102 38798
749884295 3543900
37978 734
753428195 38712
193602 2602
753466907 196204
21112 186
2432364 21298
753663111 2453662
694 4
2419338 698
756116773 2420036
256538 252866
758536809 509404
5348 4
1005152 5352
759046213 1010504
14738 12
1895266 14750
760056717 1910016
538 2
1078520 540
761966733 1079060
4432 78
743414 4510
763045793 747924
2830 8
253470 2838
763793717 256308
108936 30856
764050025 139792
1550 2
2491046 1552
764189817 2492598
32 2
419156 34
766682415 419190
540 2
848830 542
767101605 849372
7452 82
533422 7534
767950977 540956
65536 68
768491933 65604
156472 368
768557537 156840
27972 4254
768714377 32226
5158 20
1607538 5178
768746603 1612716
133790 422
770359319 134212
1690 2
871870 1692
770493531 873562
5006 4
1082738 5010
771367093 1087748
285566 16918
772454841 302484
4790 20
1731436 4810
772757325 1736246
8500 60
1296540 8560
774493571 1305100
136614 772
775798671 137386
2312 20
859962 2332
775936057 862294
193602 112
776798351 193714
139792 300
776992065 140092
2130 12
397592 2142
777132157 399734
1668 8
259248 1676
777531891 260924
227986 2152
777792815 230138
5976 6
1622602 5982
778022953 1628584
2546 26
2188260 2572
779651537 2190832
18950 2030
2230602 20980
781842369 2251582
229036 124
784093951 229160
810 30
250268 840
784323111 251108
286776 26920
784574219 313696
293 3
558488 296
784887915 558784
1425662 8108
785446699 1433770
2850 32
709984 2882
786880469 712866
196754 1462
787593335 198216
6464 48
1921668 6512
787791551 1928180
2301786 131296
789719731 2433082
2546 14
1554754 2560
792152813 1557314
2682 32
1079060 2714
793710127 1081774
333212 296
794791901 333508
547 1
302484 548
795125409 303032
224 20
905146 244
795428441 905390
524592 2528
796333831 527120
413 1
152480 414
796860951 152894
1163656 914
797013845 1164570
9232 124
3306382 9356
798178415 3315738
172764 51056
801494153 223820
813668 5006
801717973 818674
579704 1728
802536647 581432
208402 400
803118079 208802
705618 1808
803326881 707426
1142 8
804034307 1150
7106 60
375792 7166
804035457 382958
810 4
440034 814
804418415 440848
32298 928
804859263 33226
22182 292
804892489 22474
17506 90
1941468 17596
804914963 1959064
8916 16
2316966 8932
806874027 2325898
4408 66
891146 4474
809199925 895620
588978 18160
810095545 607138
1532576 26920
810702683 1559496
576666 414
812262179 577080
213302 36404
812839259 249706
1280 2
124424 1282
4445570 125706
813088965 4571276
840 8
633324 848
817660241 634172
228412 18744
818294413 247156
422056 79826
818541569 501882
52072 1466
819043451 53538
953 39
322934 992
819096989 323926
27274 1006
2705666 28280
819420915 2733946
9232 52
2537910 9284
822154861 2547194
1142156 6264
824702055 1148420
3672 56
891146 3728
825850475 894874
588298 19666
826745349 607964
555488 6882
827353313 562370
1082738 690320
827915683 1773058
69676 78
829688741 69754
1420270 65536
829758495 1485806
982 6
293916 988
831244301 294904
852226 279904
831539205 1132130
763666 399734
832671335 1163400
2806062 10782
833834735 2816844
3466 118
323926 3584
836651579 327510
4096 4
624812 4100
5550704 628912
836979089 6179616
258978 36452
843158705 295430
55100 670
843454135 55770
11526 1106
843509905 12632
262144 4402
843522537 266546
400 2
583354 402
843789083 583756
19610 20
844372839 19630
1242 12
682410 1254
844392469 683664
37978 130
4865372 38108
845076133 4903480
17506 534
2325898 18040
849979613 2343938
465134 7166
852323551 472300
337316 6056
852795851 343372
9550 538
2230602 10088
853139223 2240690
856 16
855379913 872
86378 1354
855380785 87732
119 1
1277642 120
855468517 1277762
4274 32
1679006 4306
856746279 1683312
1052442 1292
858429591 1053734
2338 26
365716 2364
859483325 368080
4866 2
645040 4868
859851405 649908
166218 1776
860501313 167994
523246 23446
860669307 546692
939 3
562370 942
861215999 563312
1098 2
501882 1100
861779311 502982
5178 66
748532 5244
862282293 753776
930250 12
863036069 930262
16918 64
3244970 16982
863966331 3261952
1729280 848830
867228283 2578110
260924 1106
869806393 262030
604240 3760
870068423 608000
10782 122
870676423 10904
7796 188
1296540 7984
870687327 1304524
2663604 2354
871991851 2665958
251108 1734
874657809 252842
45836 1064
874910651 46900
341382 942
874957551 342324
1550 44
1684800 1594
875299875 1686394
293 1
766728 294
876986269 767022
51056 638
877753291 51694
178 2
999336 180
877804985 999516
343372 13026
878804501 356398
326 12
242582 338
879160899 242920
899466 2714
879403819 902180
4274 120
2420036 4394
880305999 2424430
1046 2
839268 1048
882730429 840316
451054 50212
883570745 501266
614 8
562370 622
884072011 562992
346398 112306
884635003 458704
7472 116
978892 7588
885093707 986480
43370 296
886080187 43666
148830 7588
886123853 156418
832866 534
886280271 833400
1668 2
3240700 1670
887113671 3242370
13642 14
3168968 13656
890356041 3182624
242582 110978
893538665 353560
894874 206
893892225 895080
638 6
2741188 644
894787305 2741832
1536 52
1328890 1588
897529137 1330478
620710 133790
898859615 754500
20294 128
1736246 20422
899614115 1756668
82254 9356
901370783 91610
3000 6
509404 3006
901462393 512410
560 2
174448 562
901974803 175010
6792 14
2271110 6806
902149813 2277916
6950 124
1330478 7074
904427729 1337552
552190 2
905765281 552192
734 2
540956 736
906317473 541692
923536 538
906859165 924074
515830 15672
907783239 531502
1906 60
2230602 1966
908314741 2232568
409104 1894
910547309 410998
1992 4
225792 1996
910958307 227788
19846 1616
2153052 21462
911186095 2174514
151232 1776
913360609 153008
2749704 252842
913513617 3002546
25552 414
2831306 25966
916516163 2857272
2665958 16982
919373435 2682940
617054 542
922056375 617596
1053734 40020
922673971 1093754
2364 44
1478770 2408
923767725 1481178
88246 15338
925248903 103584
3174 6
215814 3180
925352487 218994
48692 56
925571481 48748
20422 442
2343938 20864
925620229 2364802
12766 80
3168968 12846
927985031 3181814
387518 172764
931166845 560282
2957 11
639376 2968
931727127 642344
19630 1034
2153052 20664
932369471 2173716
133790 1150
934543187 134940
400494 213584
934678127 614078
1038 2
306482 1040
935292205 307522
42382 66
935599727 42448
227788 25966
935642175 253754
581432 4866
935895929 586298
75190 34
936482227 75224
902180 11646
936557451 913826
1908 16
190664 1924
937471277 192588
3446 14
937663865 3460
2080 34
717278 2114
937667325 719392
417712 322
938386717 418034
10904 158
2604216 11062
938804751 2615278
765892 116
941420029 766008
839268 6946
942186037 846214
362360 10496
943032251 372856
203502 14738
943405107 218240
10782 26
1786756 10808
943623347 1797564
3144 2
840768 3146
945420911 843914
223820 2714
946264825 226534
900386 269610
946491359 1169996
12372 56
1248570 12428
947661355 1260998
1220818 186390
948922353 1407208
3188 188
230330 3376
950329561 233706
21010 554
950563267 21564
2226 56
99846 2282
950584831 102128
5178 124
1231112 5302
950686959 1236414
63284 180
951923373 63464
410998 5624
951986837 416622
969260 124
952403459 969384
744 16
384460 760
953372843 385220
967612 14
953758063 967626
1552 8
588978 1560
954725689 590538
35 3
249706 38
955316227 249744
265294 492
955565971 265786
2943 5
2153052 2948
955831757 2156000
1151638 4432
957987757 1156070
615756 106112
959143827 721868
86732 534
959865695 87266
4100 12
1494220 4112
959952961 1498332
1405112 1280
961451293 1406392
188 2
653314 190
962857685 653504
22182 188
1858968 22370
963511189 1881338
322934 256308
965392527 579242
38984 704
965971769 39688
400494 2824
966011457 403318
568198 80008
966414775 648206
365716 8590
967062981 374306
348 4
2087786 352
967437287 2088138
743414 615756
969525425 1359170
1690 20
122636 1710
970884595 124346
442736 5006
971008941 447742
3778 6
1151638 3784
971456683 1155422
12594 2
972612105 12596
8074 20
1170448 8094
972624701 1178542
22660 1098
973803243 23758
35702 590
2943366 36292
973827001 2979658
337316 2904
976806659 340220
690320 55770
977146879 746090
1565714 174216
977892969 1739930
6808 4
949352 6812
979632899 956164
1129438 302484
980589063 1431922
300 8
620710 308
982020985 621018
2660 6
219442 2666
982642003 222108
1151638 3382
982864111 1155020
2142 4
167994 2146
984019131 170140
3672 4
459884 3676
984189271 463560
188058 4402
984652831 192460
818674 2030
984845291 820704
2058 40
1260998 2098
985665995 1263096
604 4
2213810 608
986929091 2214418
988 2
334410 990
989143509 335400
905390 17114
989478909 922504
375 3
992218 378
990401413 992596
402400 4100
991394009 406500
3604 6
597478 3610
991800509 601088
11754 130
1858968 11884
992401597 1870852
64256 3910
994272449 68166
25140 396
3854426 25536
994340615 3879962
1387554 11740
998220577 1399294
