876
1 1
2 1
3 2
5 2
3 1
7 4
11 2
13 4
17 2
19 4
5 1
23 6
29 2
31 6
37 4
41 2
43 4
47 6
53 6
59 2
61 6
67 4
71 2
73 6
79 4
83 6
7 1
89 8
97 4
101 2
103 4
107 2
109 4
13 1
113 14
127 4
131 6
137 2
8 2
139 10
149 2
151 6
157 6
163 4
167 6
173 6
179 2
181 10
191 2
193 4
197 2
197 14
11 1
211 12
223 4
227 2
229 4
233 6
239 2
241 10
251 6
257 6
263 6
269 2
271 6
277 4
281 2
283 10
293 14
307 4
311 2
313 4
317 14
331 6
337 10
347 2
349 4
353 6
359 8
367 6
373 6
379 4
383 6
389 8
397 4
401 8
409 10
419 2
421 10
431 2
433 6
439 4
443 6
449 8
457 4
461 2
463 4
467 12
479 8
487 4
491 8
499 4
503 6
509 12
521 2
17 1
523 18
541 6
547 10
557 6
563 6
569 2
571 6
577 10
587 6
593 6
599 2
601 6
607 6
613 4
617 2
619 12
631 10
641 2
643 4
647 6
653 6
659 2
661 12
673 4
677 6
683 8
691 10
701 8
709 10
719 8
727 6
733 6
739 4
743 8
751 6
757 4
761 8
769 4
773 14
787 10
797 12
809 2
811 10
821 2
823 4
827 2
829 10
839 14
853 4
857 2
859 4
863 14
877 4
881 2
883 4
19 1
887 20
907 4
911 8
919 10
929 8
937 4
941 6
947 6
953 14
967 4
971 6
977 6
983 8
991 6
997 12
1009 4
1013 6
1019 2
1021 10
1031 2
1033 6
1039 10
1049 2
1051 10
1061 2
1063 6
1069 18
1087 4
1091 2
1093 4
1097 6
1103 6
1109 8
1117 6
1123 6
20 2
1129 22
1151 2
1153 10
1163 8
1171 10
1181 6
1187 6
1193 8
1201 12
1213 4
1217 6
1223 6
1229 2
1231 6
1237 12
1249 10
1259 18
1277 2
1279 4
1283 6
1289 2
1291 6
1297 4
1301 2
1303 4
1307 12
1319 2
1321 6
31 3
1327 34
1361 6
1367 6
1373 8
1381 18
1399 10
1409 14
1423 4
1427 2
1429 4
1433 6
1439 8
1447 4
1451 2
1453 6
1459 12
1471 10
1481 2
1483 4
1487 2
1489 4
1493 6
1499 12
1511 12
1523 8
1531 12
1543 6
1549 4
1553 6
1559 8
1567 4
1571 8
1579 4
1583 14
1597 4
1601 6
1607 2
1609 4
1613 6
1619 2
1621 6
1627 10
1637 20
1657 6
1663 4
1667 2
23 1
1669 24
1693 4
1697 2
1699 10
1709 12
1721 2
1723 10
1733 8
1741 6
1747 6
1753 6
1759 18
1777 6
1783 4
1787 2
1789 12
1801 10
1811 12
1823 8
1823 24
1847 14
1861 6
1867 4
1871 2
1873 4
1877 2
1879 10
1889 12
1901 6
1907 6
1913 18
1931 2
1931 18
1949 2
1951 22
1973 6
1979 8
1987 6
1993 4
1997 2
1999 4
2003 8
2011 6
2017 10
2027 2
2029 10
2039 14
2053 10
2063 6
2069 12
2081 2
2083 4
2087 2
2089 10
2099 12
2111 2
2111 18
2129 2
2131 6
2137 4
2141 2
2143 10
2153 8
2161 18
2179 24
2203 4
2207 6
2213 8
2213 24
2237 2
2239 4
2243 8
2243 24
2267 2
2269 4
2273 8
2281 6
2287 6
2293 4
2297 12
2309 2
2311 22
2333 6
2339 2
2341 6
2347 4
2351 6
2357 14
2371 6
2377 4
2381 2
2383 6
2389 4
2393 6
2399 12
2411 6
2417 6
2423 14
2437 4
2441 6
2447 12
2459 8
2467 6
2473 4
24 2
2477 26
2503 18
2521 10
2531 8
2539 4
2543 6
2549 2
2551 6
2557 22
2579 12
2591 2
2591 18
2609 8
2617 4
2621 12
2633 14
2647 10
2657 2
2659 4
2663 8
2671 6
2677 6
2683 4
2687 2
2689 4
2693 6
2699 8
2707 4
2711 2
2713 6
2719 10
2729 2
2731 10
2741 8
2749 4
2753 14
2767 10
2777 12
2789 2
2791 6
2797 4
2801 2
2801 18
2819 14
2833 4
2837 6
2843 8
2851 6
2857 4
2861 18
2879 8
2887 10
2897 6
2903 6
2909 8
2917 10
2927 12
2939 14
2953 4
2957 6
2963 6
2969 2
26 2
2971 28
2999 2
3001 3001
2003 4
6002 2007
8009 2
8011 6
8017 22
8039 14
8053 6
8059 10
8069 12
8081 6
8087 2
8089 4
8093 8
8101 10
8111 6
8117 6
8123 24
8147 14
8161 6
8167 4
8171 8
8179 12
8191 18
8209 10
8219 2
8221 10
8231 2
8233 4
8237 6
8243 20
8263 6
8269 4
8273 14
8287 4
8291 2
8293 4
8297 14
8311 6
8317 12
8329 24
8353 10
8363 6
8369 8
8377 10
8387 2
6002 2417
8419 4
8423 6
8429 2
8431 12
8443 4
8447 14
8461 6
8467 34
8501 12
8513 8
8521 6
8527 10
8537 2
8539 4
8543 20
8563 10
8573 8
8573 24
8597 2
8599 10
8609 14
8623 4
8627 2
8629 12
8641 6
8641 22
8663 6
8669 8
8677 4
8681 8
8689 4
8693 6
8699 8
8707 6
8713 6
8719 12
8731 6
8737 4
8741 6
8747 6
8753 8
8761 18
8779 4
8783 20
8803 4
8807 12
8819 2
8821 10
8831 6
8837 2
8839 10
8849 12
8861 2
8863 4
8867 20
8887 6
29 1
8893 30
8923 6
8929 4
8933 8
8941 10
8951 12
8963 6
8969 2
8971 28
8999 2
9001 6
9007 4
9011 2
9011 18
9029 12
9041 2
9043 6
9049 10
9059 8
9067 24
9091 12
9103 6
9109 18
9127 6
9133 4
9137 14
9151 6
9157 4
9161 12
9173 8
9181 6
9187 12
9199 4
9203 6
9209 12
9221 6
9227 12
9239 2
9239 18
9257 20
9277 4
9281 2
9283 10
9293 18
9311 8
9319 4
9323 14
9337 4
9341 2
9343 6
9349 22
9371 6
9377 14
9391 6
9397 6
9403 10
9413 6
9419 2
9421 10
9431 2
9433 4
9437 2
9439 22
9461 2
9463 4
9467 6
9473 6
9479 12
9491 6
9497 14
9511 10
9521 12
9533 6
9539 8
9547 4
34 2
9551 36
9587 14
9601 12
9613 6
9619 4
9623 6
9629 2
9631 12
9643 6
9649 12
9649 28
9677 2
9679 10
9689 8
9697 22
9719 2
9721 12
9733 6
9739 4
9743 6
9749 18
9767 2
9769 12
9781 6
9787 4
9791 12
9803 8
9811 6
9817 12
9829 4
9833 6
9839 12
9851 6
9857 2
9859 12
9871 12
9883 4
9887 14
9901 6
9901 22
9923 6
9929 2
9931 10
9941 8
9949 18
9967 6
9973 9973
61 4
19946 65
20011 10
20021 2
20023 6
20029 18
20047 4
20051 12
20063 8
20071 18
20089 12
20101 6
20107 6
20113 4
20117 6
20123 6
20129 14
20143 4
20147 2
20149 12
20161 12
20173 4
20177 6
20183 18
20201 18
20219 12
20231 2
20231 18
20249 12
20261 8
20269 18
20287 10
20297 26
20323 4
20327 6
20333 8
20341 6
20347 6
20353 4
20357 2
20359 10
20369 20
20389 4
20393 6
20399 8
20407 4
20411 20
20431 10
20441 2
20443 34
20477 2
20479 4
20483 24
20507 2
20509 12
20521 12
20533 10
20543 6
20549 2
20551 12
20563 30
20593 6
20599 12
20599 28
20627 12
20639 2
20641 22
20663 18
20681 12
20693 14
20707 10
20717 2
20719 12
20731 12
20743 4
20747 2
20749 4
20753 6
20759 12
20771 2
20771 18
20789 18
20807 2
37 3
20809 40
20849 8
20849 24
20873 6
20879 8
20887 10
20897 2
20899 4
20903 18
20921 8
20929 10
20939 8
20947 12
20959 4
20963 18
20981 2
20983 18
21001 10
21011 2
21013 4
21017 2
21019 4
21023 8
21031 28
21059 2
21061 6
21067 22
21089 12
21101 6
21107 14
21121 18
21139 4
21143 6
21149 8
21157 6
21163 6
21169 10
21179 8
21187 4
21191 2
21193 18
21211 10
21221 6
21227 20
21247 22
21269 8
21277 6
21283 30
21313 4
21317 2
21319 4
21323 18
21341 6
21347 30
21377 2
21379 4
21383 8
21391 6
21397 4
21401 6
21407 12
21419 14
21433 34
21467 14
21481 6
21487 4
21491 2
21493 6
21499 4
21503 14
21517 4
21521 2
21523 6
21529 28
21557 2
21559 4
21563 6
21569 8
21577 10
21587 2
21589 10
21599 2
21601 10
21611 2
21613 4
21617 30
21647 2
21649 12
21661 12
21673 10
21683 18
21701 12
21713 14
21727 10
21737 2
21739 12
21751 6
21757 10
21767 6
21773 14
21787 12
21799 4
21803 14
21817 4
21821 18
21839 2
21841 10
21851 8
21859 4
21863 8
21871 10
21881 12
21893 18
21911 18
21929 8
21937 6
21943 18
21943 34
21977 14
21991 6
21997 6
