1764
1 1
2 1
3 1
4 2
6 1
7 1
8 1
9 2
11 1
12 2
14 3
17 3
20 4
24 1
25 1
26 2
28 4
32 2
34 3
37 1
38 3
41 8
49 1
50 8
58 2
60 1
61 14
75 7
75 12
87 14
101 4
105 2
107 14
121 3
124 3
124 8
132 20
152 7
159 17
152 34
186 11
197 1
198 20
218 11
229 8
237 4
241 1
242 3
245 8
253 4
242 58
300 7
307 4
311 3
314 4
307 34
257 105
362 3
365 12
237 176
413 14
427 41
468 3
471 8
468 58
526 32
479 127
468 218
479 229
708 25
413 341
754 50
804 12
816 9
558 300
858 9
816 87
903 7
910 3
825 152
977 6
754 242
903 229
41 4
1132 45
1177 14
1132 101
1233 32
1233 61
1294 17
733 733
1311 176
1311 197
1508 3
1508 24
1508 60
983 606
60 37
1589 97
1589 107
1686 28
1714 50
75 17
1764 92
1856 7
1714 362
12 1
2076 13
2089 3
38 1
2092 39
186 8
2131 194
75 1
2325 76
2131 365
2496 26
318 41
2522 359
2881 4
2885 60
2945 97
127 20
3042 147
1696 1511
1863 1466
132 9
3329 141
3470 11
3481 124
3329 413
2945 816
45 3
3761 48
4 1
3809 5
3329 1294
816 82
4623 898
4623 996
5619 2
5619 12
377 17
5631 394
377 6
6025 383
6408 48
76 1
6456 77
6456 121
6456 237
6693 20
6713 7
606 12
6720 618
7338 12
7338 152
7338 365
4623 3189
7812 4
7816 11
7816 75
6693 1233
92 1
7926 93
14 2
8019 16
383 2
8035 385
867 9
8420 876
176 5
9296 181
394 9
9477 403
97 2
9880 99
257 16
9979 273
10252 50
218 6
10302 224
427 87
10526 514
403 4
11040 407
9979 1511
365 6
11490 371
8420 3605
77 3
12025 80
341 16
12105 357
242 1
12462 243
127 2
12705 129
237 1
12834 238
13072 198
181 2
13270 183
708 11
13453 719
13453 977
9477 5521
427 25
14998 452
15450 99
468 38
15549 506
558 34
16055 592
16647 362
17009 6
14998 2401
16647 996
983 101
17643 1084
18727 80
394 4
18807 398
257 39
19205 296
558 20
19501 578
479 12
20079 491
20079 719
20798 318
61 13
21116 74
1311 58
21190 1369
20 2
22559 22
1696 12
22581 1708
24289 910
910 32
25199 942
427 12
26141 439
578 87
26580 665
27245 127
1132 34
27372 1166
257 1
28538 258
28796 365
913 50
29161 963
1686 578
30124 2264
198 14
32388 212
913 6
32600 919
224 2
33519 226
2092 578
33745 2670
1369 24
36415 1393
1466 4
37808 1470
1686 1191
39278 2877
300 4
42155 304
1764 25
42459 1789
996 132
44248 1128
29161 17009
708 127
46170 835
46170 1311
1532 9
47481 1541
471 7
49022 478
3329 198
49500 3527
1084 5
53027 1089
300 1
54116 301
825 28
54417 853
318 1
55270 319
2401 87
55589 2488
1470 8
58077 1478
61 4
59555 65
319 37
59620 356
2076 82
59976 2158
471 6
62134 477
132 7
62611 139
62750 479
816 8
63229 824
107 8
64053 115
319 4
64168 323
2131 121
64491 2252
3329 318
66743 3647
273 12
70390 285
526 8
70675 534
385 4
71209 389
1132 16
71598 1148
341 1
6025 342
72746 6367
212 2
79113 214
558 6
79327 564
323 4
3814 327
79891 4141
84032 389
72746 13453
2945 65
86199 3010
564 13
89209 577
285 3
89786 288
754 32
90074 786
8035 13
90860 8048
858 8
98908 866
3189 229
99774 3418
3814 592
103192 4406
3809 38
107598 3847
3527 919
111445 4446
398 2
115891 400
1191 65
116291 1256
3418 49
117547 3467
1696 362
121014 2058
3042 1
123072 3043
452 8
126115 460
126575 385
665 17
126960 682
2131 8
127642 2139
479 22
129781 501
130282 983
2264 16
131265 2280
1714 26
133545 1740
3043 99
135285 3142
2881 93
138427 2974
2945 127
141401 3072
90860 54116
327 9
11040 336
144976 11376
1541 115
156352 1656
2325 45
158008 2370
3418 37
160378 3455
163833 132
1686 2
163965 1688
3467 564
165653 4031
919 8
169684 927
170611 686
93 3
171297 96
5619 362
171393 5981
5619 307
177374 5926
592 2
4623 594
183300 5217
3072 105
188517 3177
4446 323
191694 4769
1191 4
196463 1195
11490 80
197658 11570
1195 80
209228 1275
210503 2974
506 6
213477 512
5619 58
213989 5677
9979 45
219666 10024
218 3
13453 221
229690 13674
7816 365
243364 8181
996 74
251545 1070
786 17
252615 803
1532 87
253418 1619
8019 218
255037 8237
10024 356
263274 10380
1070 6
273654 1076
253 2
274730 255
41 1
274985 42
275027 132
3418 25
275159 3443
12705 12025
278602 24730
252615 64053
2370 17
316668 2387
17009 835
319055 17844
9880 2488
336899 12368
349267 3647
665 5
21190 670
352914 21860
3814 212
374774 4026
7350 20
378800 7370
8048 670
386170 8718
3809 1177
394888 4986
273 1
30124 274
399874 30398
6025 221
430272 6246
13453 564
436518 14017
9477 301
450535 9778
427 22
460313 449
1089 74
460762 1163
12462 514
461925 12976
4026 407
474901 4433
6408 3443
479334 9851
927 3
489185 930
82 3
4769 85
490115 4854
1656 20
494969 1676
413 9
496645 422
1863 1
497067 1864
1764 274
498931 2038
825 8
500969 833
87 3
9296 90
501802 9386
514 8
8718 522
511188 9240
3010 1466
520428 4476
963 9
524904 972
24289 6713
525876 31002
12705 28
556878 12733
45376 92
569611 45468
3329 2038
615079 5367
7703 2877
620446 10580
7816 5677
631026 13493
14998 5367
644519 20365
17643 449
664884 18092
8718 129
682976 8847
226 2
4986 228
691823 5214
6533 97
697037 6630
8847 50
703667 8897
497067 219666
30398 253
716733 30651
9477 356
747384 9833
6456 1714
757217 8170
12733 48
765387 12781
8718 96
778168 8814
3847 341
786982 4188
9851 1789
791170 11640
28 3
18092 31
802810 18123
1714 342
820933 2056
2522 6
822989 2528
14998 1
825517 14999
6713 365
840516 7078
4986 22
847594 5008
26580 3177
852602 29757
1076 3
882359 1079
1508 22
59976 1530
883438 61506
733 6
32600 739
944944 33339
452 2
27372 454
978283 27826
2881 501
1006109 3382
5008 471
1009491 5479
4986 427
1014970 5413
5677 4433
1020383 10110
4433 454
1030493 4887
14999 5981
1035380 20980
1311 8
22581 1319
1056360 23900
606 42
37808 648
1080260 38456
17 2
14172 19
1118716 14191
258 2
18123 260
1132907 18383
152 6
9477 158
1151290 9635
534 11
37808 545
1160925 38353
876 5
72746 881
1199278 73627
3043 6
1272905 3049
8847 6720
1275954 15567
64491 9778
1291521 74269
4476 218
1365790 4694
159 4
71598 163
1370484 71761
54417 273
1442245 54690
3809 512
1496935 4321
739 9
1501256 748
5926 288
1502004 6214
3814 24
1508218 3838
11640 10526
1512056 22166
226 1
27826 227
1534222 28053
3527 65
66743 3592
1562275 70335
460 7
21190 467
1632610 21657
260 6
23900 266
1654267 24166
903 6
47481 909
1678433 48390
33745 942
1726823 34687
20570 3742
1761510 24312
8718 41
1785822 8759
26141 60
1794581 26201
38353 194
1820782 38547
14430 12462
1859329 26892
2522 242
1886221 2764
6720 319
1888985 7039
5479 6
1896024 5485
55270 9477
1901509 64747
152 5
1966256 157
7827 909
1966413 8736
4623 479
1975149 5102
12834 398
1980251 13232
49500 5621
1993483 55121
867 5
34687 872
2048604 35559
12976 327
2084163 13303
5102 14
90860 5116
2097466 95976
84032 1568
2193442 85600
670 6
59976 676
2279042 60652
64491 1265
2339694 65756
47481 127
2405450 47608
132 2
37808 134
2453058 37942
6246 526
2491000 6772
26141 1541
2497772 27682
9477 107
2525454 9584
686 20
44248 706
2535038 44954
152 1
21657 153
2579992 21810
942 19
36415 961
2601802 37376
82 1
55270 83
2639178 55353
1856 60
86199 1916
2694531 88115
2401 24
144976 2425
2782646 147401
115 4
28538 119
2930047 28657
28538 314
2958704 28852
21190 1265
2987556 22455
101 1
10580 102
3010011 10682
88115 578
3020693 88693
1589 5
66743 1594
3109386 68337
70675 20980
3177723 91655
3329 124
74269 3453
3269378 77722
22166 816
3347100 22982
2092 4
111445 2096
3370082 113541
3177 11
3483623 3188
4769 260
3486811 5029
49022 12834
3491840 61856
64747 300
3553696 65047
618 8
103192 626
3618743 103818
39278 241
3722561 39519
7078 5
3762080 7083
16647 194
3769163 16841
42459 21190
3786004 63649
27682 115
3849653 27797
30398 739
3877450 31137
37376 90
3908587 37466
29161 323
3946053 29484
1275 87
77722 1362
3975537 79084
4031 48
4054621 4079
14017 2496
4058700 16513
209228 242
4075213 209470
12834 90
229690 12924
4284683 242614
126575 54116
4527297 180691
44248 237
4707988 44485
99774 4769
4752473 104543
90860 7827
4857016 98687
229690 5029
4955703 234719
21116 16647
5190422 37763
16055 17
5228185 16072
37376 4031
5244257 41407
58077 835
5285664 58912
1195 31
135285 1226
5344576 136511
835 2
5481087 837
20980 9851
5481924 30831
2974 6
91655 2980
5512755 94635
10380 9
5607390 10389
5521 300
255037 5821
5617779 260858
22455 356
5878637 22811
266 6
26201 272
5901448 26473
558 2
53027 560
5927921 53587
3761 45
5981508 3806
59976 1619
5985314 61595
245 4
111445 249
6046909 111694
11570 255
6158603 11825
606 4
6170428 610
121014 61856
6171038 182870
1166 6
160378 1172
6353908 161550
17643 163
6515458 17806
610 4
165653 614
6533264 166267
63649 13072
6699531 76721
234719 49500
6776252 284219
21860 25
7060471 21885
786 3
166267 789
7082356 167056
3049 41
430272 3090
7249412 433362
1594 7
79891 1601
7682774 81492
20570 5981
7764266 26551
626 4
65756 630
7790817 66386
1789 38
7857203 1827
2158 157
95976 2315
7859030 98291
49500 99
7957321 49599
7350 3
8006920 7353
1916 115
95976 2031
8014273 98007
2764 1
191694 2765
8112280 194459
71598 5008
8306739 76606
127 1
386170 128
8383345 386298
1319 41
66743 1360
8769643 68103
816 6
86199 822
8837746 87021
91655 506
8924767 92161
5621 304
852602 5925
9016928 858527
6772 28
9875455 6800
47005 1166
9882255 48171
2158 58
275159 2216
9930426 277375
1916 25
229690 1941
10207801 231631
221 1
15567 222
10439432 15789
2528 102
188517 2630
10455221 191147
754 6
113541 760
10646368 114301
327 8
60652 335
10760669 60987
7083 6
243364 7089
10821656 250453
1233 2
77722 1235
11072109 78957
394888 77722
11151066 472610
11376 26
336899 11402
11623676 348301
249 1
33745 250
11971977 33995
342 8
65047 350
12005972 65397
630 8
133545 638
12071369 134183
2387 82
374774 2469
12205552 377243
1128 1
210503 1129
12582795 211632
996 61
68337 1057
12794427 69394
1594 4
117547 1598
12863821 119145
141401 31137
12982966 172538
10380 439
284219 10819
13155504 295038
121014 77
13450542 121091
260 2
37466 262
13571633 37728
8814 2
13609361 8816
560 3
131265 563
13618177 131828
5677 80
219666 5757
13750005 225423
8420 25
13975428 8445
59976 253
13983873 60229
1740 20
225423 1760
14044102 227183
4321 39
234719 4360
14271285 239079
1195 20
92161 1215
14510364 93376
15789 50
14603740 15839
79891 558
14619579 80449
6772 17
14700028 6789
2765 32
172538 2797
14706817 175335
2280 9
81492 2289
14882152 83781
141 2
386298 143
14965933 386441
1393 61
127642 1454
15352374 129096
62750 249
15481470 62999
4141 102
213989 4243
15544469 218232
520428 8420
15762701 528848
3481 76
520428 3557
16291549 523985
501 1
374774 502
16815534 375276
6630 3
17190810 6633
9296 19
17197443 9315
303332 972
17206758 304304
398 1
378800 399
17511062 379199
278602 27682
17890261 306284
17643 2877
716733 20520
18196545 737253
107598 163
18933798 107761
323 2
177374 325
19041559 177699
5521 266
19219258 5787
136511 9851
19225045 146362
16072 102
1726823 16174
19371407 1742997
10110 262
352914 10372
21114404 363286
198 6
34687 204
1160925 34891
21477690 1195816
29484 300
22673506 29784
2496 245
99774 2741
22703290 102515
8181 134
479334 8315
22805805 487649
50 4
81492 54
23293454 81546
1478 5
23375000 1483
319055 11447
23376483 330502
1827 2
136511 1829
23706985 138340
111694 92161
23845325 203855
5981 9
197658 5990
24049180 203648
789 12
227183 801
24252828 227984
103818 5521
24480812 109339
9635 101
24590151 9736
858 2
121091 860
24599887 121951
2092 34
104543 2126
24721838 106669
62134 10389
24828507 72523
872 19
691823 891
24901030 692714
14999 5
1056360 15004
25593744 1071364
167056 942
26665108 167998
2765 96
1160925 2861
26833106 1163786
1393 14
255037 1407
27996892 256444
42 1
84032 43
28253336 84075
1764 61
528848 1825
28337411 530673
114301 803
28868084 115104
167056 17399
28983188 184455
131828 6533
29167643 138361
54417 186
29306004 54603
15450 301
883438 15751
29360607 899189
5521 34
30259796 5555
304304 98007
30265351 402311
460 2
103818 462
30667662 104280
2469 197
1080260 2666
30771942 1082926
3090 26
644519 3116
31854868 647635
1916 19
284219 1935
32502503 286154
4321 24
1020383 4345
32788657 1024728
1294 9
511188 1303
33813385 512491
4694 31
263274 4725
34325876 267999
1319 22
231631 1341
34593875 232972
479 7
49599 486
34826847 50085
1764 4
39519 1768
899189 41287
34876932 940476
7891 50
35817408 7941
27826 124
2193442 27950
35825349 2221392
176 4
144473 180
38046741 144653
58912 127
38191394 59039
852602 2076
38250433 854678
38456 90
39105111 38546
3207 60
394888 3267
39143657 398155
14191 454
3946053 14645
39541812 3960698
13493 132
664884 13625
43502510 678509
6789 212
883438 7001
44181019 890439
274 6
45071458 280
5621 266
1370484 5887
45071738 1376371
4854 127
697037 4981
46448109 702018
1740 4
158008 1744
47150127 159752
37808 5887
569611 43695
47309879 613306
47608 45
1562275 47653
47923185 1609928
8847 186
501802 9033
49533113 510835
379199 16
50043948 379215
359 1
109339 360
50423163 109699
11640 99
436518 11739
50532862 448257
837 13
76721 850
50981119 77571
7370 422
1993483 7792
51058690 2001275
4854 124
306284 4978
53059965 311262
204 3
487649 207
53371227 487856
12105 1740
1291521 13845
53859083 1305366
1541 12
692714 1553
55164449 694267
648 14
512491 662
55858716 513153
24312 1089
402311 25401
56371869 427712
20520 17
402311 20537
56799581 422848
158008 564
57222429 158572
2765 2
2339694 2767
57381001 2342461
207 1
29161 208
59723462 29369
1089 12
278602 1101
59752831 279703
468 1
267999 469
60032534 268468
10819 19
765387 10838
60301002 776225
7370 403
336899 7773
61077227 344672
14999 327
858527 15326
61421899 873853
5102 24
1761510 5126
62295752 1766636
3647 41
213989 3688
64062388 217677
2877 2
1056360 2879
64280065 1059239
8445 101
716733 8546
65339304 725279
613306 1195
66064583 614501
6367 26
147401 6393
66679084 153794
3742 13
256444 3755
66832878 260199
10252 49
436518 10301
67093077 446819
86199 6408
3370082 92607
67539896 3462689
3814 194
2958704 4008
71002585 2962712
20537 1916
3177723 22453
73965297 3200176
3838 2
697037 3840
77165473 700877
24730 371
944944 25101
77866350 970045
3207 24
978283 3231
78836395 981514
525876 1132
79817909 527008
144473 128
80344917 144601
260 1
196463 261
80489518 196724
12368 85
1678433 12453
80686242 1690886
427712 891
82377128 428603
17015 526
1609928 17541
82805731 1627469
60987 2881
84433200 63868
2496 8
1859329 2504
84497068 1861833
11040 76
899189 11116
86358901 910305
29757 676
2097466 30433
87269206 2127899
3761 6
802810 3767
89397105 806577
22453 3527
90203682 25980
25980 39
2930047 26019
90229662 2956066
2139 65
394888 2204
93185728 397092
4433 383
379215 4816
93582820 384031
13625 389
981514 14014
93966851 995528
12733 6
530673 12739
94962379 543412
65397 3742
1199278 69139
95505791 1268417
2885 49
1006109 2934
96774208 1009043
4981 105
1966413 5086
97783251 1971499
1035380 873853
99754750 1909233
3592 4
747384 3596
101663983 750980
873853 1744
102414963 875597
5990 1265
1035380 7255
103290560 1042635
253 1
160378 254
104333195 160632
39278 1532
104493827 40810
74269 610
2694531 74879
104534637 2769410
98687 5029
107304047 103716
12025 28
631026 12053
107407763 643079
3557 5
1370484 3562
108050842 1374046
55270 1864
109424888 57134
48390 835
1305366 49225
109482022 1354591
3329 39
697037 3368
110836613 700405
2797 12
1272905 2809
111537018 1275714
34687 860
3109386 35547
112812732 3144933
30831 7350
3200176 38181
115957665 3238357
37376 82
3020693 37458
119196022 3058151
1195 14
386441 1209
122254173 387650
8736 522
1742997 9258
122641823 1752255
18727 977
1534222 19704
124394078 1553926
121951 68337
125948004 190288
6720 42
1151290 6762
126138292 1158052
4141 8
2497772 4149
127296344 2501921
26551 471
2453058 27022
129798265 2480080
18727 467
402311 19194
132278345 421505
996 26
306284 1022
11623676 307306
132699850 11930982
13270 32
6046909 13302
144630832 6060211
19704 323
3020693 20027
150691043 3040720
74269 403
6171038 74672
153731763 6245710
665 1
284219 666
159977473 284885
12462 58
825517 12520
160262358 838037
29161 477
2535038 29638
161100395 2564676
15004 74
1512056 15078
163665071 1527134
15549 4433
1654267 19982
165192205 1674249
5217 5
147401 5222
4075213 152623
166866454 4227836
8759 43
3269378 8802
171094290 3278180
439 8
113541 447
174372470 113988
977 3
55589 980
3491840 56569
174486458 3548409
10389 237
1609928 10626
178034867 1620554
1941 60
825517 2001
179655421 827518
98687 850
180482939 99537
996 3
858527 999
180582476 859526
61595 477
3618743 62072
181442002 3680815
12368 54
2987556 12422
185122817 2999978
10580 39
461925 10619
188122795 472544
163 3
123072 166
6353908 123238
188595339 6477146
10024 85
2480080 10109
195072485 2490189
166267 19704
197562674 185971
41287 226
2405450 41513
197748645 2446963
1601 65
3020693 1666
200195608 3022359
4694 14
1082926 4708
203217967 1087634
87 2
26892 89
2535038 26981
204305601 2562019
9635 20
1678433 9655
206867620 1688088
3838 139
461925 3977
208555708 465902
706 12
225423 718
209021610 226141
4433 121
479334 4554
209247751 483888
17399 89
1163786 17488
209731639 1181274
3329 34
2694531 3363
210912913 2697894
20079 822
3975537 20901
213610807 3996438
63229 13625
217607245 76854
4079 13
2342461 4092
217684099 2346553
20901 325
1861833 21226
220030652 1883059
65397 5925
2697894 71322
221913711 2769216
36415 4887
2639178 41302
224682927 2680480
697037 350
9016928 697387
227363407 9714315
7370 592
1690886 7962
237077722 1698848
63868 816
1376371 64684
238776570 1441055
3238357 48
240217625 3238405
38546 7812
243456030 46358
33519 1303
5617779 34822
243502388 5652601
12834 25
1794581 12859
249154989 1807440
1101 25
436518 1126
250962429 437644
524904 5
251400073 524909
85600 909
4075213 86509
251924982 4161722
491 6
363286 497
256086704 363783
386298 1935
256450487 388233
13453 5
256838720 13458
4476 1
1042635 4477
256852178 1047112
54690 3557
8924767 58247
257899290 8983014
81546 686
9930426 82232
266882304 10012658
6772 128
944944 6900
276894962 951844
5631 20
631026 5651
277846806 636677
93 1
197658 94
278483483 197752
38547 803
2279042 39350
278681235 2318392
686 9
50085 695
13450542 50780
280999627 13501322
319 3
49599 322
6171038 49921
294500949 6220959
5981 5
875597 5986
300721908 881583
16513 237
1820782 16750
301603491 1837532
4243 9
203855 4252
10207801 208107
303441023 10415908
50085 166
4227836 50251
313856931 4278087
21860 141
1562275 22001
318135018 1584276
7941 50
2782646 7991
319719294 2790637
1047112 1864
322509931 1048976
124 2
136511 126
7082356 136637
323558907 7218993
234719 999
330777900 235718
188517 4008
10821656 192525
331013618 11014181
59039 301
6776252 59340
342027799 6835592
853 1
192525 854
348863391 193379
1158052 77722
349056770 1235774
144601 10109
12205552 154710
350292544 12360262
511188 57134
362652806 568322
13302 115
2279042 13417
363221128 2292459
4188 26
513153 4214
15762701 517367
365513587 16280068
454 4
349267 458
7249412 349725
381793655 7599137
29161 311
4752473 29472
389392792 4781945
55353 49
7790817 55402
394174737 7846219
7941 227
2001275 8168
402020956 2009443
1487 1
141401 1488
11151066 142889
404030399 11293955
18807 93
1235774 18900
415324354 1254674
999 14
80449 1013
3370082 81462
416579028 3451544
9033 204
1752255 9237
420030572 1761492
860 4
154710 864
4284683 155574
421792064 4440257
11825 5
5985314 11830
426232321 5997144
1177 12
119145 1189
5344576 120334
432229465 5464910
26580 31
4227836 26611
437694375 4254447
8546 208
3491840 8754
441948822 3500594
22455 159
2962712 22614
445449416 2985326
27022 105
6477146 27127
448434742 6504273
14191 158
1163786 14349
454939015 1178135
229 7
1512056 236
456117150 1512292
363286 2
457629442 363288
6456 20
3109386 6476
457992730 3115862
739 3
2048604 742
461108592 2049346
18092 748
463157938 18840
119145 1594
2790637 120739
463176778 2911376
3207 90
3200176 3297
466088154 3203473
1768 9
854678 1777
469291627 856455
1789 13
175335 1802
13750005 177137
470148082 13927142
314 2
9875455 316
484075224 9875771
22455 1708
4752473 24163
493950995 4776636
422848 24166
19371407 447014
498727631 19818421
40810 816
6533264 41626
518546052 6574890
14172 9655
3144933 23827
525120942 3168760
39350 708
4075213 40058
528289702 4115271
4252 50
620446 4302
532404973 624748
