3009
1 1
2 2
4 4
8 8
16 16
32 32
64 64
128 128
256 256
512 512
1024 1024
2048 2048
4096 4096
8192 8192
16384 16384
32768 32768
65536 65536
131072 131072
262144 262144
524288 524288
2 1
1048576 3
1048576 19
1048576 51
1048576 307
1048576 2355
1048576 18739
1048576 51507
1100083 1100083
8 3
2200166 11
2200166 75
2200166 1099
2200166 5195
2200166 56702
2200166 187774
4 3
2387940 7
2387940 314
2387940 1413
2387940 6608
2387940 72144
2387940 259918
32 7
2647858 39
2647858 114
2647858 6722
2647858 39490
2647858 170562
2647858 694850
2647858 1794933
32 4
4442791 36
4442791 164
4442791 478
4442791 131550
4442791 826400
64 39
5269191 103
5269191 5298
5269191 13490
5269191 201264
5269191 463408
114 4
5732599 118
5732599 1217
5732599 3572
5732599 43062
5732599 115206
5732599 377350
5732599 1477433
39 7
7210032 46
7210032 360
7210032 872
7210032 6170
7210032 383520
64 4
7593552 68
7593552 940
7593552 3295
7593552 134845
7593552 659133
7593552 3306991
114 32
10900543 146
10900543 658
10900543 4754
10900543 12946
10900543 200720
1217 3
11101263 1220
11101263 132770
11101263 657058
146 16
11758321 162
11758321 4258
11758321 12450
11758321 31189
11758321 232453
11 2
11990774 13
11990774 2368
11990774 10560
11990774 198334
11990774 1298417
8 1
13289191 9
13289191 28
13289191 2396
13289191 41886
13289191 114030
13289191 940430
146 68
14229621 214
14229621 6384
14229621 78528
14229621 1018958
114 2
15248579 116
15248579 10676
15248579 29415
15248579 724265
36 9
15972844 45
15972844 1144
15972844 19883
15972844 221147
512 3
16193991 515
16193991 14005
16193991 276149
36 2
16470140 38
16470140 294
16470140 3866
16470140 23749
162 7
16493889 169
16493889 827
16493889 30242
16493889 493650
1220 28
16987539 1248
16987539 116454
16987539 1414871
512 28
18402410 540
18402410 1953
18402410 18337
18402410 250790
940 75
18653200 1015
18653200 19754
18653200 544042
18653200 3851033
18337 1015
22504233 19352
22504233 714202
51 8
23218435 59
23218435 1307
23218435 21190
23218435 1319607
16 8
24538042 24
24538042 539
24538042 1952
24538042 18336
24538042 1037294
169 16
25575336 185
25575336 3480
25575336 698330
1144 169
26273666 1313
26273666 9505
26273666 88033
26273666 914433
118 7
27188099 125
27188099 8317
27188099 259107
294 118
27447206 412
27447206 11088
27447206 287237
88033 114
27734443 88147
27734443 375384
1220 164
28109827 1384
28109827 89531
28109827 1566964
1384 307
29676791 1691
29676791 261609
51 4
29938400 55
29938400 995
29938400 115025
12450 1217
30053425 13667
30053425 477075
30053425 4328108
1220 19
34381533 1239
34381533 12327
34381533 1427198
146 7
35808731 153
35808731 2549
35808731 26298
35808731 161143
35808731 2361309
185 9
38170040 194
38170040 32962
38170040 416482
4258 68
38586522 4326
38586522 61028
38586522 785293
116 1
39371815 117
39371815 775
39371815 21965
39371815 1588929
1217 28
40960744 1245
40960744 57947
40960744 782212
46 3
41742956 49
41742956 707
41742956 9024
41742956 170167
41742956 1270250
1313 11
43013206 1324
43013206 17708
43013206 958138
75 3
43971344 78
43971344 3650
43971344 120104
43971344 1915037
13 1
45886381 14
45886381 13504
45886381 1311921
78 9
47198302 87
47198302 627
47198302 33589
47198302 450071
78 19
47648373 97
47648373 6819
47648373 194593
47648373 2109630
1691 97
49758003 1788
49758003 222935
153 153
49980938 306
49980938 5604
49980938 71140
49980938 358377
21965 707
50339315 22672
50339315 1292922
16 1
51632237 17
51632237 844
51632237 42730
51632237 1091306
478 103
52723543 581
52723543 10086
52723543 734351
87 9
53457894 96
53457894 3746
53457894 290983
57947 1217
53748877 59164
53748877 1017302
17 1
54766179 18
54766179 5213
54766179 1042507
539 146
55808686 685
55808686 23357
55808686 112888
55808686 1212971
1324 32
57021657 1356
57021657 8175
57021657 552217
75 2
57573874 77
3746 2
57573951 3748
57573951 944178
1691 164
58518129 1855
58518129 73999
28 3
58592128 31
58592128 1444
58592128 1428642
10676 31
60020770 10707
60020770 301690
87 4
60322460 91
60322460 2640
60322460 28938
60322460 1943975
39 1
62266435 40
62266435 1993
62266435 25742
62266435 1820675
13667 3650
64087110 17317
64087110 218581
685 59
64305691 744
64305691 1018046
314 75
65323737 389
65323737 39879
65323737 1252850
46 2
66576587 48
66576587 30290
66576587 446772
169 31
67023359 200
67023359 20083
59 1
67043442 60
67043442 472
67043442 14477
67043442 1491910
540 17
68535352 557
68535352 22522
68535352 439004
118 4
68974356 122
68974356 2762
68974356 81290
68974356 1181373
13490 844
70155729 14334
70155729 972472
412 36
71128201 448
71128201 9472
71128201 241925
512 24
71370126 536
71370126 23208
71370126 1342815
294 18
72712941 312
72712941 4638
72712941 56145
72712941 357835
314 51
73070776 365
73070776 23722
73070776 1844397
4258 59
74915173 4317
74915173 65345
74915173 617562
46 1
75532735 47
75532735 6217
75532735 49279
75532735 601496
4326 1217
76134231 5543
76134231 140388
64 1
76274619 65
76274619 3637
76274619 294620
312 17
76569239 329
76569239 16713
76569239 157101
76569239 1746030
13490 3
78315269 13493
78315269 153881
2396 114
78469150 2510
78469150 28808
4317 59
78497958 4376
78497958 47438
78497958 349128
214 11
78847086 225
78847086 5523
78847086 607019
1788 97
79454105 1885
79454105 158986
872 9
79613091 881
79613091 72021
4317 3746
79685112 8063
79685112 128167
79685112 2516107
200 7
82201219 207
82201219 8524
82201219 98055
82201219 1686984
472 39
83888203 511
83888203 17224
3295 49
83905427 3344
83905427 54851
83905427 1154934
2549 557
85060361 3106
85060361 555323
51 3
85615684 54
85615684 4808
85615684 1023766
3637 194
86639450 3831
86639450 37420
86639450 1724404
6217 164
88363854 6381
88363854 1950356
6608 68
90314210 6676
90314210 147064
1691 539
90461274 2230
90461274 118684
90461274 2318850
12946 117
92780124 13063
92780124 1355878
1313 68
94136002 1381
94136002 141769
94136002 3448760
103 4
97584762 107
97584762 3451
97584762 380801
658 312
97965563 970
97965563 24719
97965563 642281
1953 1220
98607844 3173
98607844 36762
40 3
98644606 43
98644606 4681
98644606 611700
98644606 3259558
169 13
101904164 182
101904164 26480
101904164 1239451
1144 60
103143615 1204
103143615 12292
103143615 213556
103143615 4064589
75 1
107208204 76
107208204 14553
107208204 1169487
307 78
108377691 385
108377691 26127
108377691 998599
26480 4
109376290 26484
109376290 1518394
557 14
110894684 571
110894684 10076
110894684 1179563
365 13
112074247 378
112074247 11466
112074247 394986
112074247 3042844
6819 2
115117091 6821
115117091 731086
1220 18
115848177 1238
115848177 8059
115848177 366436
54851 571
116214613 55422
385 19
116270035 404
116270035 366840
107 1
116636875 108
116636875 13775
116636875 957953
627 16
117594828 643
117594828 43705
6819 169
117638533 6988
117638533 269132
557 3
117907665 560
117907665 20643
117907665 805936
389 11
118713601 400
118713601 25119
118713601 1771149
658 3
120484750 661
120484750 57363
120484750 2573470
10086 1413
123058220 11499
123058220 629061
6381 40
123687281 6421
123687281 282570
123687281 2930428
9024 2355
126617709 11379
126617709 640440
1015 38
127258149 1053
127258149 34642
2230 1204
127292791 3434
707 31
127296225 738
127296225 42624
127296225 3349615
9505 872
130645840 10377
130645840 652658
1381 294
131298498 1675
131298498 263819
182 8
131562317 190
131562317 18527
131562317 1705511
389 48
133267828 437
133267828 37199
133267828 863599
844 11
134131427 855
134131427 40734
134131427 596057
214 1
134727484 215
134727484 12665
134727484 536953
3748 60
135264437 3808
135264437 93339
360 4
135357776 364
135357776 194957
329 7
135552733 336
135552733 13399
135552733 927832
827 3
136480565 830
136480565 7818
136480565 834218
1444 571
137314783 2015
137314783 83305
312 7
137398088 319
137398088 34961
137398088 590284
448 45
137988372 493
137988372 43555
137988372 3086399
3831 830
141074771 4661
141074771 102716
141074771 2053072
36762 1384
143127843 38146
143127843 339836
19 1
143467679 20
143467679 9492
143467679 953670
364 13
144421349 377
144421349 71517
1204 97
144492866 1301
144492866 48739
3173 19
144541605 3192
144541605 361569
13063 225
144903174 13288
144903174 506938
2368 17
145410112 2385
145410112 1689369
215 2
147099481 217
147099481 8741
147099481 743092
2762 55
147842573 2817
147842573 235270
10086 2015
148077843 12101
148077843 213365
1356 8
148291208 1364
148291208 27848
744 11
148319056 755
148319056 24504
148319056 858722
294 4
149177778 298
149177778 26040
149177778 685173
3746 68
149862951 3814
149862951 106530
149862951 3957563
1307 365
153820514 1672
153820514 202936
1053 24
154023450 1077
154023450 32266
154023450 587589
65 9
154611039 74
154611039 14408
154611039 1581372
2385 9
156192411 2394
156192411 85699
78 8
156278110 86
156278110 5384
156278110 529672
365 7
156807782 372
156807782 98427
13504 1384
156906209 14888
156906209 2945316
336 1
159851525 337
159851525 157438
19352 437
160008963 19789
160008963 854007
1444 164
160862970 1608
160862970 36569
160862970 338259
225 68
161201229 293
161201229 19645
161201229 1970001
1413 8
163171230 1421
163171230 1951777
10377 298
165123007 10675
165123007 1366553
3192 48
166489560 3240
166489560 540193
412 3
167029753 415
167029753 34004
167029753 1082580
6676 755
168112333 7431
168112333 309121
108 3
168421454 111
168421454 11199
168421454 640260
3434 1015
169061714 4449
169061714 110979
555323 13667
169172693 568990
10707 3192
169741683 13899
169741683 819835
116454 1238
170561518 117692
3637 3637
170679210 7274
170679210 576264
3650 76
171255474 3726
171255474 238996
87 2
171494470 89
171494470 3433
171494470 150497
14005 11199
171644967 25204
11499 97
171670171 11596
14477 11
171681767 14488
171681767 1195861
8317 217
172877628 8534
172877628 211470
13775 2230
173089098 16005
173089098 850223
36762 75
173939321 36837
173939321 1625766
39490 26298
175565087 65788
175565087 2713646
8524 1324
178278733 9848
178278733 1249299
3192 24
179528032 3216
179528032 1252515
3192 844
180780547 4036
180780547 65064
180780547 2035065
39490 128
182815612 39618
182815612 2613088
190 9
185428700 199
185428700 5007
185428700 498657
12327 2640
185927357 14967
185927357 2333817
1144 31
188261174 1175
188261174 1796108
5298 32
190057282 5330
190057282 71118
187774 125
190128400 187899
190 1
190316299 191
190316299 1017493
400 1
191333792 401
191333792 47839
191333792 911438
1444 116
192245230 1560
192245230 84865
36569 23722
192330095 60291
744 3
192390386 747
192390386 41481
5543 472
192431867 6015
192431867 345851
19645 9472
192777718 29117
192777718 1129200
217 49
193906918 266
193906918 16271
193906918 1064847
17708 3434
194971765 21142
194971765 1121225
552217 1444
196092990 553661
2640 97
196646651 2737
196646651 241733
2762 1
196888384 2763
196888384 808699
225 2
197697083 227
197697083 157665
11466 539
197854748 12005
197854748 1856402
37199 336
199711150 37535
199711150 1404088
5007 200
201115238 5207
201115238 3264765
1217 8
204380003 1225
204380003 252015
4326 28
204632018 4354
204632018 738705
1788 31
205370723 1819
205370723 1272069
3240 18
206642792 3258
206642792 1242709
1691 65
207885501 1756
207885501 53263
995 1
207938764 996
207938764 188895
21965 40
208127659 22005
208127659 765097
118 1
208892756 119
208892756 25861
208892756 2739507
6384 336
211632263 6720
211632263 513658
4449 116
212145921 4565
212145921 218121
2230 114
212364042 2344
212364042 144113
19645 830
212508155 20475
212508155 1538869
319 7
214047024 326
214047024 11033
214047024 1981034
326 9
216028058 335
216028058 820170
28808 31
216848228 28839
216848228 1654605
2762 16
218502833 2778
218502833 631839
2778 89
219134672 2867
219134672 1094173
8741 7
220228845 8748
220228845 231683
6720 560
220460528 7280
220460528 308970
1672 107
220769498 1779
220769498 1405867
36 1
222175365 37
222175365 23245
222175365 3109644
185 4
225285009 189
225285009 714391
830 2
225999400 832
225999400 117286
225999400 3566046
1313 970
229565446 2283
229565446 197240
1788 17
229762686 1805
229762686 418287
11033 832
230180973 11865
230180973 1578829
2867 77
231759802 2944
231759802 546986
854007 12946
232306788 866953
996 7
233173741 1003
233173741 15970
3434 75
233189711 3509
233189711 957179
116454 30242
234146890 146696
1313 2
234293586 1315
234293586 658373
7431 122
234951959 7553
234951959 1319474
12292 9
236271433 12301
236271433 475709
128 8
236747142 136
236747142 24855
236747142 1679460
326 2
238426602 328
238426602 55179
238426602 2255345
4326 1413
240681947 5739
240681947 1048246
1272069 2763
241730193 1274832
2510 182
243005025 2692
243005025 311813
39490 1003
243316838 40493
1855 64
243357331 1919
243357331 745011
34004 512
244102342 34516
244102342 1463158
65788 5298
245565500 71086
14888 3748
245636586 18636
245636586 1724147
3106 11
247360733 3117
247360733 604613
91 3
247965346 94
247965346 65158
6015 47
248030504 6062
19352 48
248036566 19400
248036566 331213
3344 14
248367779 3358
248367779 173920
248367779 2913427
11499 1307
251281206 12806
251281206 324619
6821 832
251605825 7653
251605825 705983
5213 266
252311808 5479
252311808 1160413
5739 182
253472221 5921
253472221 317734
253472221 5586925
157438 3572
259059146 161010
51507 9
259220156 51516
2344 1
259271672 2345
259271672 2947661
3572 51
262219333 3623
262219333 192518
262219333 3758564
2048 28
265977897 2076
265977897 175996
3748 39
266153893 3787
266153893 352915
9024 182
266506808 9206
266506808 794499
4681 1245
267301307 5926
267301307 167069
1003 9
267468376 1012
267468376 1312933
13775 153
268781309 13928
268781309 1062504
1805 47
269843813 1852
269843813 465260
3746 74
270309073 3820
270309073 217376
8534 136
270526449 8670
270526449 584934
12946 28
271111383 12974
271111383 463045
1608 125
271574428 1733
271574428 633572
349128 34961
272208000 384089
4754 336
272592089 5090
272592089 344926
235270 365
272937015 235635
3358 45
273172650 3403
273172650 92934
273172650 3202578
89 1
276375228 90
276375228 738795
1885 31
277114023 1916
277114023 240912
23722 107
277354935 23829
18527 389
277378764 18916
277378764 1743320
3216 94
279122084 3310
279122084 279459
279122084 4722250
6170 8
283844334 6178
283844334 691351
26484 1301
284535685 27785
284535685 2543892
6178 60
287079577 6238
287079577 390327
5090 55
287469904 5145
287469904 316958
881 65
287786862 946
287786862 203882
1077 18
287990744 1095
287990744 715486
3831 87
288706230 3918
288706230 517576
12101 19
289223806 12120
289223806 1832795
2640 11
291056601 2651
291056601 137496
17708 14
291194097 17722
291194097 3367337
5330 36
294561434 5366
294561434 1174853
775 18
295736287 793
295736287 233246
14967 312
295969533 15279
295969533 882232
32768 658
296851765 33426
296851765 2014460
185 1
298866225 186
298866225 340022
12005 1855
299206247 13860
299206247 1195233
8317 415
300401480 8732
300401480 1057308
581 18
301458788 599
301458788 57301
301458788 3166945
18337 755
304625733 19092
304625733 678225
448 16
305303958 464
305303958 133234
627 46
305437192 673
305437192 81963
305437192 3840527
1855 7
309277719 1862
309277719 542055
775 43
309819774 818
309819774 50097
3192 19
309869871 3211
309869871 516869
1608 39
310386740 1647
310386740 810346
266 11
311197086 277
311197086 882509
9505 365
312079595 9870
312079595 669003
6608 3173
312748598 9781
312748598 804280
269132 855
313552878 269987
7653 307
313822865 7960
1756 13
313830825 1769
313830825 271756
8670 1862
314102581 10532
314102581 428819
6988 76
314531400 7064
314531400 210946
3434 119
314742346 3553
314742346 207435
78528 71140
314949781 149668
314949781 2889175
97 1
317838956 98
317838956 1091404
227 4
318930360 231
318930360 820401
157101 744
319750761 157845
6821 162
319908606 6983
319908606 301603
5523 43
320210209 5566
320210209 1105649
13288 98
321315858 13386
321315858 1379939
6421 17
322695797 6438
322695797 1498348
162 17
324194145 179
324194145 2053251
337 13
326247396 350
326247396 47788
326247396 2787295
2549 117
329034691 2666
329034691 1131866
68 4
330166557 72
330166557 377422
25204 365
330543979 25569
330543979 3784133
13063 162
334328112 13225
334328112 927658
17317 4096
335255770 21413
335255770 1401352
136 4
336657122 140
336657122 252155
364 7
336909277 371
336909277 23043
336909277 2596513
16713 389
339505790 17102
339505790 1606031
12806 122
341111821 12928
341111821 1702297
5523 3
342814118 5526
342814118 919959
512 1
343734077 513
343734077 82476
738705 571
343816553 739276
15970 16
344555829 15986
344555829 760997
18739 64
345316826 18803
345316826 1644569
4036 153
346961395 4189
346961395 738540
599 43
347699935 642
347699935 302332
401 8
348002267 409
348002267 211355
642281 560
348213622 642841
10675 2549
348856463 13224
348856463 1490657
555323 1315
350347120 556638
2396 28
350903758 2424
350903758 63452
14967 97
350967210 15064
350967210 897573
1885 13
351864783 1898
351864783 1858300
1384 4
353723083 1388
353723083 112367
6381 37
353835450 6418
353835450 523994
57947 114
354359444 58061
354359444 2167691
114030 207
356527135 114237
6421 7
356641372 6428
356641372 229363
3358 16
356870735 3374
356870735 636946
6676 24
357507681 6700
14334 72
357514381 14406
357514381 779503
2015 162
358293884 2177
358293884 284747
5330 28
358578631 5358
358578631 690531
13493 16
359269162 13509
359269162 1442151
673 18
360711313 691
360711313 1404779
1691 31
362116092 1722
362116092 592006
141769 511
362708098 142280
11199 661
362850378 11860
362850378 1143726
5007 64
363994104 5071
363994104 257226
3918 199
364251330 4117
364251330 689290
9206 214
364940620 9420
364940620 3966983
13509 125
368907603 13634
368907603 1195007
4096 103
370102610 4199
370102610 560837
37420 1413
370663447 38833
8063 91
370702280 8154
370702280 753165
658 2
371455445 660
371455445 99087
4565 19
371554532 4584
371554532 902157
3310 39
372456689 3349
372456689 662482
472 31
373119171 503
373119171 734854
10676 1356
373854025 12032
373854025 2373341
12327 97
376227366 12424
376227366 462495
1444 86
376689861 1530
376689861 376914
198334 539
377066775 198873
377066775 5468064
832 18
382534839 850
382534839 84155
11088 98
382618994 11186
382618994 187182
7431 207
382806176 7638
382806176 457709
338259 6384
383263885 344643
33426 827
383608528 34253
383608528 2773760
872 36
386382288 908
386382288 222055
386382288 4286644
1239 326
390668932 1565
390668932 139061
390668932 3705107
13509 6418
394374039 19927
394374039 2073178
142280 4199
396447217 146479
745011 940
396593696 745951
4096 78
397339647 4174
397339647 769271
88147 3240
398108918 91387
141769 4638
398200305 146407
6700 72
398346712 6772
43062 89
398353484 43151
398353484 3085995
122 1
401439479 123
401439479 20206
401439479 1400145
153 7
402839624 160
402839624 390487
68 1
403230111 69
403230111 678294
2692 16
403908405 2708
403908405 348559
7064 5298
404256964 12362
404256964 879315
627 3
405136279 630
405136279 50727
136 1
405187006 137
405187006 18474
2510 72
405205480 2582
405205480 122686
10676 970
405328166 11646
405328166 1264496
284747 360
406592662 285107
8534 47
406877769 8581
28938 140
406886350 29078
406886350 1887378
6015 294
408773728 6309
408773728 964447
3374 17
409738175 3391
1691 14
409741566 1705
409741566 903862
394986 4449
410645428 399435
1175 11
411044863 1186
411044863 27670
411044863 2137300
2368 16
413182163 2384
413182163 206266
3480 153
413388429 3633
413388429 356548
4258 32
413744977 4290
413744977 1173777
1444 75
414918754 1519
414918754 570509
350 7
415489263 357
415489263 81647
136 16
415570910 152
415570910 23981
415570910 1236952
30290 1315
416807862 31605
416807862 2419545
17722 60
419227407 17782
419227407 1643548
3216 20
420870955 3236
420870955 398222
775 9
421269177 784
421269177 195741
5921 90
421464918 6011
421464918 1248720
337 2
422713638 339
422713638 1654944
1015 1
424368582 1016
424368582 154897
340022 182
424523479 340204
6438 119
424863683 6557
424863683 2580027
206266 2424
427443710 208690
3106 16
427652400 3122
427652400 857129
32266 3192
428509529 35458
2345 7
428544987 2352
428544987 587286
19092 12362
429132273 31454
339 9
429163727 348
429163727 189243
6608 40
429352970 6648
429352970 373488
7653 36
429726458 7689
429726458 1449840
5926 13
431176298 5939
431176298 2653797
1919 8
433830095 1927
433830095 608946
10076 7638
434439041 17714
434439041 1813822
8317 162
436252863 8479
436252863 584743
4117 46
436837606 4163
436837606 422450
12928 24
437260056 12952
437260056 2331802
1048576 996
439591858 1049572
2076 18
440641430 2094
440641430 136939
2867 89
440778369 2956
440778369 441960
2048 98
441220329 2146
441220329 906008
1042507 194593
442126337 1237100
5543 298
443363437 5841
443363437 1248550
1608 28
444611987 1636
444611987 341840
1248 28
444953827 1276
444953827 707259
5145 32
445661086 5177
445661086 529465
294 2
446190551 296
446190551 1249595
9024 2956
447440146 11980
447440146 1286812
1919 4
448726958 1923
448726958 205805
4808 256
448932763 5064
448932763 70852
448932763 4513643
6676 227
453446406 6903
453446406 1188276
198334 581
454634682 198915
1519 38
454833597 1557
454833597 572066
844 2
455405663 846
455405663 64298
2015 16
455469961 2031
455469961 363600
1186 24
455833561 1210
455833561 591494
1565 16
456425055 1581
456425055 160567
157665 1581
456585622 159246
1175 8
456744868 1183
456744868 762180
146 2
457507048 148
457507048 21338
457507048 2440883
4584 337
459947931 4921
459947931 2445804
1003 3
462393735 1006
462393735 121110
15279 400
462514845 15679
462514845 2050744
1898 51
464565589 1949
464565589 169018
2692 13
464734607 2705
464734607 361082
3748 11
465095689 3759
465095689 2057010
8063 1919
467152699 9982
467152699 1598911
5213 47
468751610 5260
468751610 1729664
6428 9
470481274 6437
470481274 1456277
81290 23981
471937551 105271
1413 65
472042822 1478
472042822 374966
8192 24
472417788 8216
472417788 1388155
32266 123
473805943 32389
1024 4
473838332 1028
473838332 525316
131550 1024
474363648 132574
755 7
474496222 762
474496222 207028
793 8
474703250 801
474703250 374289
277 3
475077539 280
475077539 270267
970 1
475347806 971
475347806 160217
10560 40
475508023 10600
475508023 2083778
448 14
477591801 462
477591801 53725
2283 18
477645526 2301
477645526 1444452
26484 511
479089978 26995
479089978 1565864
1237100 21338
480655842 1258438
42730 5523
481914280 48253
481914280 3250831
2031 32
485165111 2063
485165111 224998
25742 17
485390109 25759
485390109 2739405
1733 19
488129514 1752
488129514 392239
415 19
488521753 434
488521753 1024200
1519 36
489545953 1555
489545953 519131
11186 472
490065084 11658
490065084 1510006
2930428 3344
491575090 2933772
9505 207
494508862 9712
494508862 1830387
4096 434
496339249 4530
496339249 830930
26298 37
497170179 26335
122686 9206
497196514 131892
1756 19
497328406 1775
497328406 610721
102716 73999
497939127 176715
2510 11
498115842 2521
498115842 327140
329 3
498442982 332
498442982 261941
5939 38
498704923 5977
498704923 791270
690531 235270
499496193 925801
134845 493
500421994 135338
2956 117
500557332 3073
500557332 1108722
5604 191
501666054 5795
501666054 582059
182 1
502248113 183
502248113 39016
211470 13667
502287129 225137
755 17
502512266 772
502512266 1170259
946 14
503682525 960
503682525 328100
1705 13
504010625 1718
504010625 231081
1099 16
504241706 1115
504241706 593121
198873 5384
504834827 204257
55 2
505039084 57
505039084 345908
23981 190
505384992 24171
505384992 3391508
157438 20475
508776500 177913
6903 74
508954413 6977
4921 8
508961390 4929
508961390 1849326
40 2
510810716 42
510810716 652700
340022 85699
511463416 425721
2394 28
511889137 2422
511889137 726687
133234 45
512615824 133279
801 7
512749103 808
512749103 1450648
35458 140
514199751 35598
514199751 4549241
7431 78
518748992 7509
518748992 2620597
188895 7689
521369589 196584
658373 116
521566173 658489
58061 462
522224662 58523
522224662 2313868
277 8
524538530 285
524538530 48538
524538530 2303883
2705 38
526842413 2743
526842413 2623340
855 14
529465753 869
529465753 867822
164 1
530333575 165
530333575 16549
530333575 1229520
1048576 59
531563095 1048635
4929 49
532611730 4978
532611730 404413
19789 48
533016143 19837
533016143 3585883
21338 9
536602026 21347
6437 1077
536623373 7514
536623373 2326364
16005 90
538949737 16095
538949737 493170
227 14
539442907 241
539442907 169259
2778 64
539612166 2842
539612166 96181
1315 1
539708347 1316
539708347 171878
14967 337
539880225 15304
539880225 1811412
134845 46
541691637 134891
43062 114
541826528 43176
541826528 2243342
4376 51
544069870 4427
544069870 616127
6015 4
544685997 6019
544685997 1030219
7638 77
545716216 7715
545716216 1737379
515 9
547453595 524
547453595 217900
6384 493
547671495 6877
547671495 567714
5543 4
548239209 5547
548239209 1660491
18337 87
549899700 18424
549899700 2186115
34516 2015
552085815 36531
14967 335
552122346 15302
552122346 987774
3572 47
553110120 3619
553110120 3569665
1805 43
556679785 1848
556679785 4551089
446772 134891
561230874 581663
11596 4
561812537 11600
561812537 1700969
308970 312
563513506 309282
43151 1769
563822788 44920
563822788 3154564
3748 37
566977352 3785
566977352 461494
8216 9
567438846 8225
567438846 2145525
2048 8
569584371 2056
569584371 2949717
53263 6062
572534088 59325
572534088 2846620
801 13
575380708 814
575380708 269946
5064 108
575650654 5172
575650654 127858
960 1
575778512 961
575778512 94300
19883 511
575872812 20394
575872812 2909569
43176 404
578782381 43580
578782381 3492340
1077 17
582274721 1094
582274721 171656
15304 1028
582446377 16332
582446377 2729978
84865 18424
585176355 103289
207435 1555
585279644 208990
2521 57
585488634 2578
585488634 828978
7064 2
586317612 7066
125 9
586324678 134
586324678 40013
7960 69
586364691 8029
586364691 1139895
2867 49
587504586 2916
587504586 509854
34004 3391
588014440 37395
560 4
588051835 564
588051835 49843
112367 20
588101678 112387
2549 14
588214065 2563
588214065 771834
996 1
588985899 997
588985899 1238097
599 20
590223996 619
590223996 1539488
908 24
591763484 932
591763484 926733
2521 54
592690217 2575
592690217 574641
946 3
593264858 949
593264858 2931377
673 3
596196235 676
596196235 252831
7066 3122
596449066 10188
596449066 414601
171878 1805
596863667 173683
4427 153
597037350 4580
597037350 673583
6418 2
597710933 6420
597710933 1421291
194957 17224
599132224 212181
4978 14
599344405 4992
599344405 790285
1788 43
600134690 1831
600134690 379253
1756 7
600513943 1763
600513943 736617
869 24
601250560 893
601250560 60218
98 2
601310778 100
601310778 363700
8317 37
601674478 8354
601674478 842572
2230 17
602517050 2247
602517050 1039541
401 1
603556591 402
603556591 1456679
1053 9
605013270 1062
605013270 707045
590284 78528
605720315 668812
745011 189
606389127 745200
4036 86
607134327 4122
607134327 4068711
16271 57
611203038 16328
611203038 1555816
277 1
612758854 278
612758854 593399
12301 60
613352253 12361
613352253 984833
1421 18
614337086 1439
614337086 368279
2394 55
614705365 2449
614705365 1277281
153 1
615982646 154
615982646 142434
911438 8029
616125080 919467
266 4
617044547 270
617044547 556908
5195 4
617601455 5199
617601455 269018
5358 118
617870473 5476
617870473 993250
70852 199
618863723 71051
3918 337
618934774 4255
618934774 1603166
5977 13
620537940 5990
620537940 308322
363600 43580
620846262 407180
3918 40
621253442 3958
621253442 615658
571 40
621869100 611
621869100 418898
41886 207
622287998 42093
1769 31
622330091 1800
622330091 959938
2521 2
623290029 2523
623290029 578787
2056 119
623868816 2175
623868816 595574
24504 6877
624464390 31381
624464390 3882414
127858 43062
628346804 170920
1082580 949
628517724 1083529
1647 9
629601253 1656
404413 9024
629602909 413437
6557 36
630016346 6593
630016346 567430
1249299 107
630583776 1249406
820401 2640
631833182 823041
7514 68
632656223 7582
632656223 1151308
331213 47
633807531 331260
134845 1384
634138791 136229
13775 372
634275020 14147
634275020 1532541
84155 123
635807561 84278
207 4
635891839 211
635891839 736828
581 2
636628667 583
636628667 555906
4376 13
637184573 4389
637184573 1002988
2056 100
638187561 2156
638187561 793426
2175 36
638980987 2211
638980987 351339
3958 64
639332326 4022
639332326 991796
4661 146
640324122 4807
640324122 1159741
3787 8
641483863 3795
641483863 335055
217900 6983
641818918 224883
903862 36531
642043801 940393
2230 40
642984194 2270
642984194 409450
7509 3
643393644 7512
643393644 1778661
1195007 4929
645172305 1199936
14488 298
646372241 14786
5523 9
646387027 5532
646387027 3048376
5795 4
649435403 5799
649435403 2249141
1024 9
651684544 1033
651684544 258259
1519 17
651942803 1536
651942803 562373
13399 89
652505176 13488
20083 37
652518664 20120
8670 13
652538784 8683
652538784 1073530
10188 59
653612314 10247
653612314 938079
827 2
654550393 829
654550393 198069
85699 1752
654748462 87451
654748462 7681003
1175 3
662429465 1178
662429465 1367731
2640 2
663797196 2642
663797196 527958
16332 207
664325154 16539
664325154 1874839
1565 4
666199993 1569
666199993 692920
15302 69
666892913 15371
666892913 1930408
241 7
668823321 248
668823321 1490905
7582 55
670314226 7637
670314226 1306054
3572 8
671620280 3580
671620280 730267
114237 7
672350547 114244
672350547 4665333
26480 1186
677015880 27666
677015880 3334657
1805 2
680350537 1807
680350537 311089
3958 28
680661626 3986
680661626 871808
383520 42
681533434 383562
1691 13
681916996 1704
681916996 416305
6608 65
682333301 6673
682333301 248598
11596 37
682581899 11633
1053 4
682593532 1057
682593532 107587
2578 60
682701119 2638
682701119 527954
2230 8
683229073 2238
683229073 1142133
610721 13775
684371206 624496
418287 18
684995702 418305
4036 28
685414007 4064
685414007 910072
26335 19
686324079 26354
686324079 2135984
6720 43
688460063 6763
688460063 1326370
493 2
689786433 495
689786433 96676
1993 14
689883109 2007
689883109 531679
689883109 6264278
753165 350
696147387 753515
140 1
696900902 141
696900902 1406008
1831 13
698306910 1844
698306910 478919
624496 3344
698785829 627840
4389 72
699413669 4461
699413669 2330825
1356 13
701744494 1369
701744494 541562
170920 1381
702286056 172301
72 1
702458357 73
702458357 607092
32266 1095
703065449 33361
10676 9
703098810 10685
703098810 2344502
1581 24
705443312 1605
705443312 2085383
3580 38
707528695 3618
707528695 923577
472 1
708452272 473
708452272 429292
10247 152
708881564 10399
708881564 1223370
869 18
710104934 887
710104934 569877
360 2
710674811 362
710674811 172663
1018958 201264
710847474 1220222
252831 1885
712067696 254716
434 8
712322412 442
712322412 2243784
270 1
714566196 271
714566196 55122
714566196 3937536
747 7
718503732 754
718503732 141142
5739 11
718644874 5750
718644874 1497660
169 2
720142534 171
720142534 587760
161010 157665
720730294 318675
927658 211355
721048969 1139013
2916 24
722187982 2940
722187982 1226310
6019 31
723414292 6050
723414292 1695419
462495 7582
725109711 470077
1053 19
725579788 1072
725579788 423522
3073 153
726003310 3226
726003310 1191502
4681 179
727194812 4860
727194812 600917
1099 28
727795729 1127
727795729 835345
10707 199
728631074 10906
728631074 3503246
2523 19
732134320 2542
732134320 2055793
1414871 176715
734190113 1591586
7638 103
735781699 7741
735781699 890250
194 2
736671949 196
736671949 902353
218121 4199
737574302 222320
1916 2
737796622 1918
737796622 1241369
517576 261609
739037991 779185
5213 7
739817176 5220
739817176 720706
2007 1
740537882 2008
740537882 1568972
908 9
742106854 917
742106854 3958480
784 14
746065334 798
746065334 609744
271756 25759
746675078 297515
8317 32
746972593 8349
746972593 1547837
940 2
748520430 942
748520430 2334759
1421 8
750855189 1429
750855189 471506
39490 2283
751326695 41773
3831 3
751368468 3834
751368468 1522228
2582 11
752890696 2593
752890696 661726
927658 368279
753552422 1295937
441960 7653
754848359 449613
3918 65
755297972 3983
755297972 871805
8354 146
756169777 8500
756169777 1082030
887 3
757251807 890
757251807 858019
6983 4
758109826 6987
758109826 2426532
2916 13
760536358 2929
760536358 681223
2424 2
761217581 2426
761217581 930258
2651 40
762147839 2691
762147839 1657635
1855 4
763805474 1859
763805474 2055110
9712 8
765860584 9720
765860584 1842515
3834 47
767703099 3881
767703099 181794
1491910 49
767884893 1491959
1704 24
769376852 1728
769376852 183522
1679460 21190
769560374 1700650
377422 93339
771261024 470761
1844397 282570
771731785 2126967
1771149 169
773858752 1771318
3236 3
775630070 3239
775630070 216795
103 1
775846865 104
775846865 562477
661 7
776409342 668
776409342 1142801
619 7
777552143 626
777552143 554287
171878 2352
778106430 174230
1016 1
778280660 1017
778280660 89164
7741 51
778369824 7792
778369824 3094191
609744 960
781464015 610704
2762 51
782074719 2813
782074719 882128
20083 16549
782956847 36632
225 1
782993479 226
782993479 1242935
22005 185
784236414 22190
784236414 2809485
1421291 58523
787045899 1479814
7553 19
788525713 7572
788525713 1505920
1241369 3344
790031633 1244713
11658 171
791276346 11829
791276346 2665626
919467 4661
793941972 924128
3814 32
794866100 3846
794866100 228983
1581 39
795095083 1620
795095083 1221842
2063 1
796316925 2064
796316925 1953841
2055110 81290
798270766 2136400
871808 2247
800407166 874055
2842 16
801281221 2858
801281221 432150
78528 660
801713371 79188
1277281 31454
801792559 1308735
12450 328
803101294 12778
803101294 1871078
25759 98
804972372 25857
1429 45
804998229 1474
804998229 420372
1530 11
805418601 1541
805418601 234787
7960 38
805653388 7998
2510 9
805661386 2519
805661386 916952
31189 995
806578338 32184
959938 3433
806610522 963371
9024 3
807573893 9027
807573893 487946
1276 3
808061839 1279
808061839 1066126
81290 306
809127965 81596
593399 9024
809209561 602423
269946 8175
809811984 278121
133234 20120
810090105 153354
1144 17
810243459 1161
810243459 617288
1279 9
810860747 1288
810860747 725553
858019 26354
811586300 884373
691 2
812470673 693
812470673 1367246
1237100 10076
813837919 1247176
1277281 11466
815085095 1288747
1686984 164
816373842 1687148
818 4
818060990 822
818060990 381623
1569 11
818442613 1580
818442613 421952
6720 8
818864565 6728
818864565 456799
58523 626
819321364 59149
1722 4
819380513 1726
819380513 1039020
2956 42
820419533 2998
820419533 102085
820419533 5834684
1186 11
826254217 1197
826254217 151694
826254217 4873944
448 9
831128161 457
831128161 432607
1490657 269987
831560768 1760644
5366 40
833321412 5406
833321412 889779
192518 3374
834211191 195892
7582 39
834407083 7621
834407083 1737285
43062 336
836144368 43398
836144368 3546644
5298 31
839691012 5329
839691012 1234849
3820 1
840925861 3821
840925861 719307
9024 123
841645168 9147
841645168 1012135
6170 1
842657303 6171
842657303 1462850
269132 8063
844120153 277195
2426 16
844397348 2442
844397348 411892
826400 630
844809240 827030
2442 74
845636270 2516
845636270 1225886
516869 19789
846862156 536658
208990 6217
847398814 215207
17224 46
847614021 17270
847614021 2826755
4681 57
850440776 4738
850440776 2039803
1603166 47839
852480579 1651005
513 8
854131584 521
854131584 345447
1444 7
854477031 1451
854477031 865050
225137 332
855342081 225469
832 11
855567550 843
855567550 716329
4808 17
856283879 4825
856283879 1257675
865050 197240
857541554 1062290
541562 2422
858603844 543984
36531 1
859147828 36532
2156 16
859184360 2172
859184360 304504
34642 772
859488864 35414
859488864 3917828
33589 1210
863406692 34799
1077 4
863441491 1081
863441491 864680
2998 65
864306171 3063
864306171 1601974
881 4
865908145 885
865908145 1222727
850223 17708
867130872 867931
6438 14
867998803 6452
867998803 485371
1478 40
868484174 1518
868484174 67306
16713 4189
868551480 20902
868551480 1908280
5330 11
870459760 5341
870459760 1949316
198915 40734
872409076 239649
7818 123
872648725 7941
872648725 1530169
1127 46
874178894 1173
874178894 959311
6903 13
875138205 6916
875138205 1349731
1312933 5199
876487936 1318132
3650 1
877806068 3651
877806068 301166
33361 36
878107234 33397
878107234 3200342
1095 19
881307576 1114
881307576 1499462
73999 7064
882807038 81063
1161 8
882888101 1169
882888101 182963
668812 2063
883071064 670875
380801 6676
883741939 387477
5479 3
884129416 5482
884129416 1561298
3344 20
885690714 3364
885690714 126050
1221842 96
885816764 1221938
3814 4
887038702 3818
887038702 757333
2177 8
887796035 2185
887796035 2202351
889998386 9
128 1
889998395 129
889998395 115335
554287 309282
890113730 863569
277195 5750
890977299 282945
1769 1
891260244 1770
891260244 109357
1248 17
891369601 1265
891369601 243190
157845 16328
891612791 174173
743092 171
891786964 743263
57 1
892530227 58
892530227 1239509
1439 2
893769736 1441
893769736 1197302
827030 128167
894967038 955197
1519 32
895922235 1551
895922235 1307605
475709 1691
897229840 477400
296 1
897707240 297
897707240 98352
18474 141
897805592 18615
173920 1763
897824207 175683
38833 611
897999890 39444
3310 60
898039334 3370
898039334 482289
593399 11
898521623 593410
78528 5172
899115033 83700
1887378 5384
899198733 1892762
32 2
901091495 34
901091495 2083812
142280 3295
903175307 145575
627840 31381
903320882 659221
4022 2
903980103 4024
903980103 1112746
296 7
905092849 303
905092849 1191805
3726 13
906284654 3739
906284654 308243
147064 148
906592897 147212
15302 540
906740109 15842
906740109 2862462
200 4
909602571 204
909602571 960142
99087 207
910562713 99294
5523 1
910662007 5524
910662007 977996
542055 6171
911640003 548226
215 1
912188229 216
912188229 172879
2578 14
912361108 2592
912361108 330692
6171 73
912691800 6244
912691800 1554081
5195 3
914245881 5198
914245881 493144
495 7
914739025 502
914739025 689792
7553 90
915428817 7643
1039020 114244
915436460 1153264
1210 2
916589724 1212
916589724 568926
6772 13
917158650 6785
917158650 1386724
917 2
918545374 919
918545374 927652
1654605 512
919473026 1655117
924128 31
921128143 924159
922052302 3433
2424 24
922055735 2448
922055735 306952
11199 146
922362687 11345
922362687 2355847
1451 2
924718534 1453
924718534 1357331
457 3
926075865 460
926075865 328560
972472 536
926404425 973008
1769 16
927377433 1785
927377433 533464
17102 11
927910897 17113
2705 1
927928010 2706
927928010 787999
464 7
928716009 471
928716009 658960
34004 216
929374969 34220
23357 69
929409189 23426
1547837 86
929432615 1547923
407180 707
930980538 407887
191 2
931388425 193
931388425 330885
43176 372
931719310 43548
115335 478
931762858 115813
931762858 3701696
167069 75
935464554 167144
1478 31
935631698 1509
935631698 1198811
2175 8
936830509 2183
936830509 856190
1144 3
937686699 1147
937686699 1224517
25861 409
938911216 26270
938911216 3135914
1813822 250790
942047130 2064612
844 1
944111742 845
944111742 391332
6050 39
944503074 6089
944503074 2619177
14147 148
947122251 14295
947122251 1968136
624496 1077
949090387 625573
685 3
949715960 688
949715960 880003
1620 8
950595963 1628
950595963 747579
1316 14
951343542 1330
951343542 1176183
222055 24504
952519725 246559
599 18
952766284 617
952766284 151114
8748 28
952917398 8776
952917398 2343535
61028 1095
955260933 62123
269946 1421
955323056 271367
1024200 31605
955594423 1055805
2867 32
956650228 2899
956650228 1558715
409 1
958208943 410
958208943 1567374
204 1
959776317 205
959776317 831135
3918 90
960607452 4008
960607452 1536549
407180 234787
962144001 641967
6217 2
962785968 6219
962785968 984215
412 9
963770183 421
963770183 1275253
377 7
965045436 384
965045436 590668
6821 51
965636104 6872
965636104 2144172
348 8
967780276 356
967780276 514014
1225 2
968294290 1227
968294290 205484
53263 15064
968499774 68327
1064847 306
968568101 1065153
720706 11646
969633254 732352
472 16
970365606 488
970365606 1139501
153354 1239
971505107 154593
327140 56145
971659700 383285
148 3
972042985 151
972042985 349279
55422 100
972392264 55522
4661 16
972447786 4677
972447786 1269173
2230 7
973716959 2237
973716959 787530
9147 94
974504489 9241
974504489 2049044
40734 1012
976553533 41746
976553533 3746853
6452 1
980300386 6453
980300386 1119199
173683 83305
981419585 256988
981419585 529672
9870 19
981949257 9889
39879 37395
981959146 77274
4449 294
982036420 4743
982036420 647584
248 3
982684004 251
982684004 587537
540 7
983271541 547
983271541 59872
1062 3
983331413 1065
983331413 1293987
19352 186
984625400 19538
99294 136
984644938 99430
2449 3
984744368 2452
984744368 1202388
330692 208690
985946756 539382
259107 126050
986486138 385157
2301 38
986871295 2339
986871295 1190615
192518 7653
988061910 200171
12424 152
988262081 12576
988262081 3461336
308322 3918
991723417 312240
1581 9
992035657 1590
992035657 3111234
205484 2867
995146891 208351
3480 17
995355242 3497
995355242 1158431
8776 45
996513673 8821
996513673 1471979
1590 1
997985652 1591
997985652 670594
470077 183
998656246 470260
