761
1 1
2 1
3 1
4 1
5 2
7 2
9 1
10 1
11 2
13 4
17 2
5 1
19 6
25 3
28 1
29 2
31 2
33 2
35 6
41 2
31 28
59 6
65 2
67 6
73 9
82 1
83 2
85 4
89 2
91 6
85 28
13 3
113 16
129 2
131 6
129 16
145 10
43 11
155 54
209 35
244 1
245 2
247 4
251 6
257 2
259 6
265 10
7 1
275 8
19 5
283 24
283 54
33 1
337 34
97 31
371 128
13 1
499 14
513 2
515 6
515 24
539 54
593 137
730 1
731 2
733 4
737 8
745 10
755 6
31 1
761 32
59 5
793 64
857 128
35 5
985 40
1025 2
1027 6
1027 24
1051 54
131 5
1105 136
25 1
1241 26
113 2
1267 115
1267 486
283 13
1753 296
2049 2
2051 6
2051 24
2075 54
2129 59
2188 1
2189 2
2191 4
2195 8
2203 16
2219 32
2251 40
2291 24
2315 128
251 5
2443 256
2291 486
337 97
2777 434
857 29
3211 886
4097 2
4099 6
4099 24
4123 54
4099 136
97 7
4235 104
4339 486
137 54
4825 191
4825 1458
275 4
6283 279
6562 1
6563 2
6565 4
6569 8
6577 16
6593 32
6625 64
6689 128
6817 256
499 13
7073 512
14 1
7585 15
7585 608
8193 2
8195 6
8195 24
8219 54
155 7
8273 162
155 19
8435 174
8435 486
8921 1458
275 3
10379 278
857 28
10657 885
10657 4096
1458 174
14753 1632
16385 2
16387 6
16387 24
16411 54
16465 162
16627 486
17113 1458
1105 8
18571 1113
19684 1
19685 2
19687 4
19691 8
19699 16
19715 32
19747 64
19811 128
19939 256
20195 512
745 279
20707 1024
97 4
21731 101
21731 1214
793 41
22945 834
23779 4096
2699 2195
27875 4894
32769 2
32771 6
32771 24
32795 54
32849 162
33011 486
33497 1458
1105 7
34955 1112
43 8
36067 51
36067 3262
2291 174
39329 2465
39329 13122
6593 6
52451 6599
59050 1
59051 2
59053 4
59057 8
59065 16
59081 32
59113 64
59177 128
59305 256
59561 512
60073 1024
1214 834
61097 2048
2291 101
63145 2392
65537 2
65539 6
65539 24
65563 54
65617 162
65779 486
63145 4096
66265 1458
4339 35
67723 4374
73 1
72097 74
72097 3336
72097 13122
6593 5
85219 6598
67 1
91817 68
91817 4893
91817 32768
4096 2392
124585 6488
131073 2
131075 6
131075 24
131099 54
131153 162
131315 486
131801 1458
133259 4374
137633 13122
2075 539
150755 2614
150755 26393
177148 1
177149 2
177151 4
177155 8
177163 16
177179 32
177211 64
177275 128
177403 256
177659 512
178171 1024
179195 2048
181243 4096
307 101
185339 408
185339 4782
3336 74
190121 3410
13122 3262
193531 16384
209915 32768
886 5
242683 891
242683 19462
262145 2
262147 6
262147 24
262171 54
262225 162
262387 486
262873 1458
264331 4374
268705 13122
145 3
281827 148
281827 2613
281827 26392
2315 2
308219 2317
308219 12974
22945 3336
321193 26281
321193 118098
593 51
439291 644
439291 9565
439291 84998
524289 2
524291 6
524291 24
524315 54
524369 162
524531 486
525017 1458
526475 4374
530849 593
531442 1
531443 2
531445 4
531449 8
531457 16
531473 32
531505 64
531569 128
531697 256
531953 512
532465 1024
533489 2048
535537 4096
530849 13122
2613 1241
543971 3854
547825 16384
279 278
564209 557
564209 19128
564209 32768
32768 32768
596977 65536
583337 118098
307 26
701435 333
701435 92150
1113 539
793585 1652
793585 12309
793585 254992
1048577 2
1048579 6
1048579 24
1048603 54
1048657 162
1048819 486
1049305 1458
1050763 4374
557 35
1055137 592
1055137 13122
32768 6598
1068259 39366
1107625 118098
32768 333
1225723 33101
1225723 354294
1112 73
1580017 1185
1580017 14307
1594324 1
1594325 2
1594327 4
1594331 8
1594339 16
1594355 32
1594387 64
1594451 128
1594579 256
1594835 512
1595347 1024
1596371 2048
1598419 4096
4782 3410
1602515 8192
1610707 16384
1627091 32768
1659859 65536
118098 12974
1725395 131072
2613 283
1856467 2896
1856467 30771
1856467 240686
2097153 2
2097155 6
2097155 24
2097179 54
2097233 162
2097395 486
2097881 1458
2099339 4374
2103713 13122
891 885
2116835 1776
2116835 39366
2156201 118098
2274299 354294
592 592
2628593 1184
2628593 14306
1632 19
2642899 1651
2642899 12308
2642899 254991
2642899 1048576
32768 30771
3691475 63539
3691475 502830
4194305 2
4194307 6
4194307 24
4194331 54
4194385 162
4194547 486
4195033 1458
4196491 4374
4200865 13122
4213987 39366
4253353 118098
4371451 354294
4235 539
4725745 4774
4725745 57225
4782970 1
4782971 2
4782973 4
4782977 8
4782985 16
4783001 32
4783033 64
4783097 128
4783225 256
4783481 512
4783993 1024
4785017 2048
4787065 4096
4791161 8192
4799353 16384
4815737 32768
4848505 65536
4914041 131072
131072 131072
5045113 262144
2699 14
5307257 2713
5307257 42079
5307257 481370
834 5
5788627 839
5788627 42918
5831545 1048576
240686 42079
6880121 282765
6880121 1508488
8388609 2
8388611 6
8388611 24
8388635 54
8388689 162
8388851 486
8389337 1458
8390795 4374
8395169 13122
8408291 39366
8447657 118098
8565755 354294
42918 14306
8920049 57224
2129 29
8977273 2158
8977273 212073
8977273 1005658
543971 1776
9982931 545747
9982931 3188646
67241 2465
13171577 69706
13171577 1177331
14348908 1
14348909 2
14348911 4
14348915 8
14348923 16
14348939 32
14348971 64
14349035 128
14349163 256
14349419 512
14349931 1024
14350955 2048
14353003 4096
14357099 8192
14365291 16384
14381675 32768
14414443 65536
14479979 131072
14611051 262144
481370 42918
14873195 524288
15397483 1048576
371 29
16446059 400
16446059 9965
16446059 331158
16777217 2
16777219 6
16777219 24
16777243 54
16777297 162
16777459 486
16777945 1458
16779403 4374
16783777 13122
16796899 39366
16836265 118098
16954363 354294
1048576 14306
17308657 1062882
12308 8609
18371539 20917
18371539 171672
18371539 3188646
1005658 171672
21560185 1177330
886 51
22737515 937
22737515 282764
22737515 1508487
22737515 8388608
2699 557
31126123 3256
31126123 154011
31126123 2428310
33554433 2
33554435 6
33554435 24
33554459 54
33554513 162
33554675 486
33555161 1458
33556619 4374
33560993 13122
33574115 39366
33613481 118098
33731579 354294
34085873 1062882
35148755 3188646
6599 113
38337401 6712
38337401 337870
38337401 4709321
43046722 1
43046723 2
43046725 4
43046729 8
43046737 16
43046753 32
43046785 64
43046849 128
43046977 256
43047233 512
43047745 1024
43048769 2048
43050817 4096
43054913 8192
43063105 16384
43079489 32768
43112257 65536
43177793 131072
43308865 262144
43571009 524288
44095297 1048576
1048576 1048576
45143873 2097152
1241 557
47241025 1798
47241025 65337
47241025 662314
171672 171672
47903339 343344
47903339 3531990
51435329 8388608
7585 10
59823937 7595
59823937 50513
59823937 404807
59823937 7284928
67108865 2
67108867 6
67108867 24
67108891 54
67108945 162
67109107 486
67109593 1458
67111051 4374
67115425 13122
67128547 39366
67167913 118098
67286011 354294
67640305 1062882
68703187 3188646
3531990 1177330
71891833 4709320
515 3
76601153 518
76601153 8113
76601153 4856618
5788627 171672
81457771 5960299
81457771 28697814
2075 2
110155585 2077
110155585 441368
110155585 18984579
129140164 1
129140165 2
129140167 4
129140171 8
129140179 16
129140195 32
129140227 64
129140291 128
129140419 256
129140675 512
129141187 1024
129142211 2048
129144259 4096
129148355 8192
129156547 16384
129172931 32768
129205699 65536
129271235 131072
129402307 262144
129664451 524288
130188739 1048576
131237315 2097152
83 1
133334467 84
133334467 4458
133334467 89677
133334467 883262
134217729 2
134217731 6
134217731 24
134217755 54
134217809 162
134217971 486
134218457 1458
134219915 4374
134224289 13122
134237411 39366
134276777 118098
134394875 354294
134749169 1062882
2219 2191
135812051 4410
135812051 56861
135812051 1716720
135812051 3188646
137528771 8388608
6283 74
145917379 6357
145917379 2649256
72097 1024
148566635 73121
148566635 956383
148566635 14127960
148566635 28697814
14127960 4856618
177264449 18984578
7585 9
196249027 7594
196249027 50512
196249027 404806
196249027 7284927
196249027 67108864
2649256 2428310
263357891 5077566
268435457 2
268435459 6
268435459 24
268435483 54
268435537 162
268435699 486
268436185 1458
268437643 4374
268442017 13122
268455139 39366
268494505 118098
268612603 354294
268966897 1062882
270029779 3188646
8388608 1177330
273218425 9565938
282784363 28697814
644 67
311482177 711
311482177 355005
311482177 4046480
311482177 75938313
387420490 1
387420491 2
387420493 4
387420497 8
387420505 16
387420521 32
387420553 64
387420617 128
387420745 256
387421001 512
387421513 1024
387422537 2048
387424585 4096
387428681 8192
387436873 16384
387453257 32768
387486025 65536
387551561 131072
387682633 262144
387944777 524288
388469065 1048576
389517641 2097152
3531990 662314
391614793 4194304
39329 1798
395809097 41127
395809097 1766522
395809097 8388608
14127960 2649256
404197705 16777216
28697814 4856618
420974921 33554432
454529353 67108864
4096 400
521638217 4496
521638217 359501
521638217 15232696
536870913 2
536870915 6
536870915 24
536870939 54
536870993 162
536871155 486
536871641 1458
536873099 4374
536877473 13122
536890595 39366
536929961 118098
537048059 354294
537402353 1062882
538465235 3188646
541653881 9565938
551219819 28697814
65 1
579917633 66
579917633 710
579917633 355004
579917633 4046479
579917633 75938312
8388608 1766522
655855945 10155130
47903339 14127960
666011075 62031299
666011075 258280326
