2978
1 1
2 2
4 4
8 8
16 16
32 32
64 64
128 128
256 256
512 512
1024 1024
2048 2048
4096 4096
8192 8192
16384 16384
32768 32768
8 1
64 9
256 73
4096 329
8192 4425
16384 12617
32768 29001
65536 61769
127305 127305
254610 254610
509220 509220
2 1
73 3
329 76
512 405
29001 917
127305 29918
254610 157223
1018440 411833
329 3
29001 332
127305 29333
254610 156638
509220 411248
1430273 920468
9 2
128 11
512 139
2048 651
16384 2699
127305 19083
2350741 146388
11 3
16 14
76 30
651 106
2497129 757
16 9
76 25
757 101
2699 858
8192 3557
32768 11749
2497886 44517
4 2
64 6
757 70
4425 827
19083 5252
920468 24335
2542403 944803
16 6
917 22
32768 939
254610 33707
3487206 288317
128 30
4425 158
24335 4583
3775523 28918
4 1
64 5
512 69
2699 581
8192 3280
44517 11472
65536 55989
3804441 121525
16384 757
65536 17141
509220 82677
3925966 591897
11 2
405 13
1024 418
8192 1442
44517 9634
411833 54151
4517863 465984
32 30
8192 62
33707 8254
411833 41961
1430273 453794
4983847 1884067
73 1
418 74
4583 492
33707 5075
1884067 38782
6867914 1922849
64 2
158 66
1442 224
465984 1666
8790763 467650
73 62
61769 135
9258413 61904
128 2
1442 130
5252 1572
453794 6824
9320317 460618
939 9
24335 948
288317 25283
9780935 313600
16 5
827 21
157223 848
1922849 158071
10094535 2080920
917 62
12617 979
82677 13596
12175455 96273
1572 405
55989 1977
1018440 57966
12271728 1076406
135 1
5252 136
44517 5388
509220 49905
13348134 559125
32 5
4096 37
44517 4133
158071 48650
591897 206721
13907259 798618
37 16
332 53
2699 385
920468 3084
14705877 923552
3557 385
206721 3942
1430273 210663
15629429 1640936
332 8
1640936 340
17270365 1641276
22 2
256 24
1024 280
41961 1304
798618 43265
18911641 841883
136 21
3084 157
44517 3241
158071 47758
19753524 205829
948 69
41961 1017
798618 42978
19959353 841596
1304 76
17141 1380
313600 18521
20800949 332121
53 2
1977 55
57966 2032
332121 59998
21133070 392119
1977 8
13596 1985
158071 15581
2542403 173652
21525189 2716055
512 4
11749 516
798618 12265
24241244 810883
256 69
17141 325
1018440 17466
25052127 1035906
1572 11
9634 1583
798618 11217
26088033 809835
224 8
2699 232
146388 2931
26897868 149319
385 74
2048 459
33707 2507
332121 36214
27047187 368335
224 2
4133 226
19083 4359
254610 23442
27415522 278052
651 4
6824 655
158071 7479
2542403 165550
27693574 2707953
22 1
979 23
65536 1002
30401527 66538
1380 25
19083 1405
559125 20488
30468065 579613
157 21
2699 178
20488 2877
467650 23365
31047678 491015
1002 232
8254 1234
96273 9488
31538693 105761
4425 6
127305 4431
1430273 131736
31644454 1562009
655 25
15581 680
1430273 16261
33206463 1446534
139 16
3084 155
66538 3239
34652997 69777
55 1
34722774 56
340 13
16384 353
34722830 16737
581 23
7479 604
69777 8083
34739567 77860
32 4
127305 36
1922849 127341
34817427 2050190
6 1
827 7
5388 834
210663 6222
36867617 216885
178 22
11749 200
82677 11949
2716055 94626
37084502 2810681
516 24
6824 540
254610 7364
39895183 261974
680 36
5388 716
165550 6104
40157157 171654
70 1
4431 71
131736 4502
1076406 136238
40328811 1212644
1666 581
121525 2247
1922849 123772
41541455 2046621
385 53
47758 438
509220 48196
43588076 557416
1985 158
165550 2143
44145492 167693
939 7
20488 946
1076406 21434
44313185 1097840
139 36
4133 175
77860 4308
45411025 82168
340 5
16384 345
467650 16729
45493193 484379
6222 946
261974 7168
45977572 269142
200 8
1666 208
123772 1874
46246714 125646
939 2
19083 941
46372360 20024
353 7
6222 360
69777 6582
1212644 76359
46392384 1289003
232 2
20024 234
944803 20258
47681387 965061
4431 1002
96273 5433
48646448 101706
21434 158
48748154 21592
9488 941
173652 10429
48769746 184081
76 1
2143 77
591897 2220
2810681 594117
48953827 3404798
6222 13
269142 6235
52358625 275377
56 2
21592 58
841883 21650
52634002 863533
82677 38782
53497535 121459
234 14
3557 248
798618 3805
53618994 802423
2143 3
96273 2146
1289003 98419
54421417 1387422
4583 69
278052 4652
55808839 282704
948 5
13596 953
332121 14549
56091543 346670
418 14
38782 432
509220 39214
56438213 548434
178 9
2507 187
346670 2694
56986647 349364
1002 74
1097840 1076
57336011 1098916
234 56
17141 290
1289003 17431
58434927 1306434
5252 224
368335 5476
59741361 373811
37 7
5388 44
158071 5432
60115172 163503
3239 106
101706 3345
60278675 105051
178 8
5476 186
923552 5662
60383726 929214
1977 834
127341 2811
61312940 130152
655 6
10429 661
82677 11090
594117 93767
61443092 687884
540 16
269142 556
62130976 269698
3241 24
77860 3265
62400674 81125
1442 16
39214 1458
594117 40672
62481799 634789
438 135
33707 573
594117 34280
63116588 628397
3280 208
206721 3488
63744985 210209
1304 8
76359 1312
687884 77671
63955194 765555
200 1
21650 201
687884 21851
64720749 709735
1312 55
59998 1367
65430484 61365
4096 2048
559125 6144
65491849 565269
432 1
13596 433
1018440 14029
66057118 1032469
1405 1380
216885 2785
67089587 219670
21592 200
411833 21792
67309257 433625
232 14
11217 246
392119 11463
67742882 403582
25 3
1666 28
25283 1694
68146464 26977
44 7
9634 51
82677 9685
1098916 92362
68173441 1191278
2032 433
101706 2465
69364719 104171
16729 6144
509220 22873
69468890 532093
1694 433
1212644 2127
70000983 1214771
492 13
34280 505
71215754 34785
953 21
49905 974
1098916 50879
71250539 1149795
29001 2032
1306434 31033
72400334 1337467
3942 37
453794 3979
73737801 457773
18521 135
219670 18656
74195574 238326
385 7
9685 392
1446534 10077
74433900 1456611
7479 58
373811 7537
75890511 381348
101 23
49905 124
1641276 50029
76271859 1691305
77 22
31033 99
634789 31132
77963164 665921
82677 1694
78629085 84371
158 9
25283 167
634789 25450
78713456 660239
34785 58
79373695 34843
5388 3345
105761 8733
79408538 114494
106 1
6582 107
548434 6689
79523032 555123
979 128
1691305 1107
80078155 1692412
4425 71
105761 4496
81770567 110257
201 1
14549 202
863533 14751
81880824 878284
99 1
3345 100
105761 3445
1922849 109206
82759108 2032055
313600 492
84791163 314092
36214 21434
1456611 57648
85105255 1514259
2127 234
50879 2361
1922849 53240
86619514 1976089
202 3
411833 205
88595603 412038
1977 360
314092 2337
89007641 316429
290 32
18656 322
433625 18978
89324070 452603
25450 3805
2050190 29255
89776673 2079445
10429 53
332121 10482
91856118 342603
3805 106
433625 3911
92198721 437536
21650 73
1035906 21723
92636257 1057629
540 14
411248 554
93693886 411802
13596 44
349364 13640
94105688 363004
353 3
77860 356
3925966 78216
94468692 4004182
453794 41961
98472874 495755
2361 322
665921 2683
98968629 668604
11 1
14549 12
288317 14561
99637233 302878
7479 360
99940111 7839
360 9
20488 369
412038 20857
99947950 432895
345 3
93767 348
100380845 94115
256 4
26977 260
765555 27237
100474960 792792
581 62
50029 643
1098916 50672
101267752 1149588
369 11
12617 380
594117 12997
102417340 607114
224 1
11949 225
103024454 12174
1458 21
94626 1479
103036628 96105
979 2
261974 981
2080920 262955
103132733 2343875
2811 418
1562009 3229
105476608 1565238
62 1
5662 63
149319 5725
1692412 155044
107041846 1847456
1076 71
114494 1147
108889302 115641
512 23
863533 535
109004943 864068
858 76
565269 934
109869011 566203
10077 348
110435214 10425
11090 492
238326 11582
110445639 249908
7537 369
381348 7906
110695547 389254
2048 64
165550 2112
111084801 167662
20258 248
111252463 20506
953 16
31132 969
1922849 32101
111272969 1954950
6582 981
136238 7563
113227919 143801
540 7
32101 547
113371720 32648
505 4
8733 509
467650 9242
113404368 476892
2877 225
184081 3102
113881260 187183
1367 5
187183 1372
114068443 188555
368335 36214
114256998 404549
43265 234
709735 43499
114661547 753234
208 3
6824 211
2542403 7035
115414781 2549438
1572 392
634789 1964
117964219 636753
8733 1024
753234 9757
118600972 762991
1289003 4652
119363963 1293655
36214 3557
1337467 39771
120657618 1377238
109206 43265
122034856 152471
77 5
31132 82
1514259 31214
122187327 1545473
848 25
131736 873
123732800 132609
44 3
19083 47
1149795 19130
123865409 1168925
226 1
7563 227
495755 7790
125034334 503545
4425 516
173652 4941
125537879 178593
187183 554
125716472 187737
7563 37
687884 7600
125904209 695484
981 14
17466 995
1035906 18461
126599693 1054367
3084 36
1191278 3120
127654060 1194398
1442 492
50879 1934
128848458 52813
3265 175
332121 3440
128901271 335561
21650 100
509220 21750
129236832 530970
6689 953
594117 7642
129767802 601759
1312 432
467650 1744
130369561 469394
433 24
269142 457
130838955 269599
4359 858
476892 5217
131108554 482109
34785 12265
1565238 47050
131590663 1612288
1024 225
965061 1249
133202951 966310
369 8
40672 377
134169261 41049
5662 225
548434 5887
134210310 554321
5432 651
1922849 6083
134764631 1928932
556 63
130152 619
1692412 130771
136693563 1823183
3084 53
173652 3137
138516746 176789
4096 2931
687884 7027
138693535 694911
10429 51
392119 10480
139388446 402599
573 7
206721 580
139791045 207301
459 5
146388 464
139998346 146852
48196 3229
966310 51425
140145198 1017735
1002 5
66538 1007
141162933 67545
11217 1694
349364 12911
141230478 362275
260 6
82168 266
141592753 82434
187 4
84371 191
141675187 84562
604 1
165550 605
141759749 166155
1583 47
346670 1630
141925904 348300
716 28
36214 744
1456611 36958
142274204 1493569
3911 325
158071 4236
143767773 162307
20506 53
2497886 20559
143930080 2518445
380 3
12997 383
3487206 13380
146448525 3500586
9757 405
238326 10162
149949111 248488
3137 9
136238 3146
2350741 139384
150197599 2490125
7537 6
695484 7543
152687724 703027
5725 200
69777 5925
153390751 75702
10162 139
668604 10301
153466453 678905
3345 22
381348 3367
154145358 384715
2146 280
381348 2426
154530073 383774
464 16
20857 480
1168925 21337
154913847 1190262
78216 1234
156104109 79450
34785 535
156183559 35320
1934 16
628397 1950
156218879 630347
290 24
12997 314
1018440 13311
156849226 1031751
495755 6144
157880977 501899
369 7
55989 376
1692412 56365
158382876 1748777
9685 4359
219670 14044
160131653 233714
14751 36
810883 14787
160365367 825670
556 7
39771 563
1692412 40334
161191037 1732746
4652 380
115641 5032
2350741 120673
162923783 2471414
1479 70
2471414 1549
165395197 2472963
6689 6
1446534 6695
167868160 1453229
1583 28
105761 1611
4004182 107372
169321389 4111554
7839 948
825670 8787
173432943 834457
25283 604
1306434 25887
174267400 1332321
21792 13640
1214771 35432
175599721 1250203
7168 47
238326 7215
176849924 245541
234 2
249908 236
177095465 250144
14044 99
1035906 14143
177345609 1050049
12997 340
1514259 13337
178395658 1527596
11582 158
219670 11740
3500586 231410
179923254 3731996
7027 3084
636753 10111
183655250 646864
2507 155
2080920 2662
184302114 2083582
17431 432
186385696 17863
5252 377
532093 5629
186403559 537722
29255 348
1456611 29603
186941281 1486214
6144 22
1954950 6166
188427495 1961116
680 51
41049 731
1387422 41780
190388611 1429202
1630 6
278052 1636
4111554 279688
191817813 4391242
1372 23
467650 1395
196209055 469045
1950 211
646864 2161
196678100 649025
7790 1367
302878 9157
197327125 312035
2161 167
152471 2328
197639160 154799
8787 4496
188555 13283
197793959 201838
5252 329
1337467 5581
197995797 1343048
5075 5
1343048 5080
199338845 1348128
11740 509
1076406 12249
200686973 1088655
512 22
555123 534
201775628 555657
13337 1611
1823183 14948
202331285 1838131
858 3
628397 861
204169416 629258
3488 232
2472963 3720
204798674 2476683
11749 535
1565238 12284
207275357 1577522
340 4
130771 344
2549438 131115
208852879 2680553
2877 175
98419 3052
211533432 101471
3911 21
1377238 3932
211634903 1381170
314 1
13640 315
1250203 13955
213016073 1264158
6689 66
2083582 6755
214280231 2090337
84562 55
216370568 84617
464 3
2350741 467
216455185 2351208
661 3
188555 664
2090337 189219
218806393 2279556
16729 2143
509220 18872
221085949 528092
29001 205
709735 29206
221614041 738941
7790 82
349364 7872
222352982 357236
554321 32768
2810681 587089
222710218 3397770
5662 14
566203 5676
226107988 571879
139 13
11949 152
944803 12101
226679867 956904
9488 25
2032055 9513
227636771 2041568
5388 167
335561 5555
229678339 341116
655 5
27237 660
1348128 27897
230019455 1376025
6222 236
437536 6458
231395480 443994
12617 211
316429 12828
231839474 329257
873 5
278052 878
232168731 278930
8733 73
1149795 8806
232447661 1158601
2361 53
571879 2414
233606262 574293
2811 4
476892 2815
2810681 479707
234180555 3290388
8254 7035
1264158 15289
237470943 1279447
248 4
1032469 252
238750390 1032721
11463 63
1264158 11526
239783111 1275684
12284 234
1493569 12518
241058795 1506087
29001 201
1387422 29202
242564882 1416624
9242 14
1493569 9256
243981506 1502825
14029 6104
966310 20133
245484331 986443
1666 227
233714 1893
246470774 235607
2127 187
579613 2314
246706381 581927
432895 205
247288308 433100
11949 201
1098916 12150
247721408 1111066
42978 25
248832474 43003
187737 30
248875477 187767
227 1
50879 228
3500586 51107
249063244 3551693
392 23
35432 415
3404798 35847
252614937 3440645
9488 224
1168925 9712
256055582 1178637
290 3
110257 293
257234219 110550
109206 7642
257344769 116848
516 7
1076406 523
257461617 1076929
2662 3
279688 2665
258538546 282353
3084 7
834457 3091
258820899 837548
34280 32768
259658447 67048
8787 314
1565238 9101
259725495 1574339
6222 130
1076929 6352
261299834 1083281
9757 225
1577522 9982
262383115 1587504
3146 716
1178637 3862
263970619 1182499
14044 280
709735 14324
265153118 724059
953 6
116848 959
265877177 117807
2161 37
762991 2198
265994984 765189
82 1
205829 83
266760173 205912
5217 432
956904 5649
266966085 962553
6824 53
316429 6877
267928638 323306
5725 13
878284 5738
268251944 884022
12174 23
189219 12197
2810681 201416
269135966 3012097
664 8
15581 672
2810681 16253
272148063 2826934
231410 969
274974997 232379
10482 82
649025 10564
6867914 659589
275207376 7527503
1636 28
762991 1664
282734879 764655
29001 186
884022 29187
283499534 913209
47050 232
284412743 47282
5252 53
1057629 5305
284460025 1062934
248488 10111
285522959 258599
14751 959
1194398 15710
285781558 1210108
12265 12197
286991666 24462
4096 55
368335 4151
287016128 372486
1002 55
101706 1057
287388614 102763
2811 37
84617 2848
3804441 87465
287491377 3891906
315 1
323306 316
291383283 323622
1950 24
878284 1974
291706905 880258
3979 2
944803 3981
292587163 948784
79450 316
293535947 79766
146388 1304
2090337 147692
293615713 2238029
744 62
402599 806
295853742 403405
4502 9
660239 4511
296257147 664750
3557 64
594117 3621
296921897 597738
5433 14
373811 5447
297519635 379258
20488 11090
1214771 31578
297898893 1246349
31578 15581
1976089 47159
299145242 2023248
7563 158
1348128 7721
301168490 1355849
379258 187183
302524339 566441
93767 93767
303090780 187534
810883 282353
303278314 1093236
51107 939
1748777 52046
304371550 1800823
165550 36958
306172373 202508
1985 21
484379 2006
306374881 486385
7479 99
349364 7578
306861266 356942
323622 2694
307218208 326316
14787 7906
2050190 22693
307544524 2072883
5925 36
1587504 5961
309617407 1593465
1666 201
1574339 1867
311210872 1576206
5075 47
792792 5122
312787078 797914
188555 556
313584992 189111
266 7
24462 273
2238029 24735
313774103 2262764
178 4
47758 182
2549438 47940
316036867 2597378
605 5
96273 610
318634245 96883
392 1
1577522 393
318731128 1577915
9634 660
1111066 10294
320309043 1121360
20559 246
841883 20805
321430403 862688
4308 23
404549 4331
322293091 408880
3440 340
1565238 3780
322701971 1569018
13380 51
2810681 13431
324270989 2824112
158 7
35432 165
327095101 35597
19130 554
2090337 19684
327130698 2110021
57966 11526
329240719 69492
13337 873
765555 14210
329310211 779765
4511 1744
238326 6255
330089976 244581
4652 232
69777 4884
2351208 74661
330334557 2425869
3091 21
695484 3112
332760426 698596
93767 6166
333459022 99933
953 5
163503 958
333558955 164461
573 2
479707 575
333723416 480282
101706 2337
334203698 104043
1950 53
254610 2003
3012097 256613
334307741 3268710
1479 12
453794 1491
337576451 455285
335561 15289
338031736 350850
917 2
32768 919
1692412 33687
338382586 1726099
20559 70
2425869 20629
340108685 2446498
57648 44
342555183 57692
1249 12
1726099 1261
342612875 1727360
1111066 528092
344340235 1639158
18521 64
1641276 18585
345979393 1659861
6582 167
1149795 6749
347639254 1156544
4359 62
1214771 4421
348795798 1219192
2877 139
363004 3016
350014990 366020
672 6
1032721 678
350381010 1033399
1107 16
56365 1123
351414409 57488
363004 258599
351471897 621603
9513 71
1659861 9584
352093500 1669445
878 22
262955 900
353762945 263855
167 3
379258 170
4983847 379428
354026800 5363275
1961116 680
359390075 1961796
7790 939
724059 8729
361351871 732788
187 2
455285 189
362084659 455474
4652 377
3397770 5029
362540133 3402799
22873 2507
2680553 25380
365942932 2705933
581 1
143801 582
368648865 144383
24735 106
1306434 24841
368793248 1331275
12518 252
412038 12770
370124523 424808
24735 3942
1748777 28677
370549331 1777454
1744 53
2476683 1797
372326785 2478480
18872 64
1355849 18936
374805265 1374785
187767 13431
376180050 201198
5447 62
424808 5509
376381248 430317
11463 158
607114 11621
376811565 618735
36214 226
377430300 36440
15581 605
1641276 16186
377466740 1657462
6166 7
765555 6173
379124202 771728
10077 1107
189219 11184
379895930 200403
4502 76
178593 4578
380096333 183171
385 4
79766 389
380279504 80155
668604 9101
380359659 677705
98419 581
381037364 99000
8192 1
709735 8193
381136364 717928
1405 9
366020 1414
381854292 367434
1312 13
618735 1325
382221726 620060
3229 3
1293655 3232
382841786 1296887
110257 14948
2826934 125205
384138673 2952139
32 3
24335 35
1121360 24370
387090812 1145730
356942 350850
388236542 707792
744 55
433625 799
388944334 434424
18656 389
966310 19045
389378758 985355
605 24
495755 629
390364113 496384
1249 1
99933 1250
3012097 101183
390860497 3113280
107 13
216885 120
4111554 217005
393973777 4328559
1312 32
802423 1344
398302336 803767
3146 63
1562009 3209
399106103 1565218
3102 7
1514259 3109
400671321 1517368
6755 3
709735 6758
402188689 716493
717928 94115
402905182 812043
5555 314
1593465 5869
403717225 1599334
5029 36
1111066 5065
405316559 1116131
5032 175
238326 5207
406432690 243533
5887 191
1018440 6078
406676223 1024518
187737 5433
407700741 193170
509220 123772
407893911 632992
3488 47
2083582 3535
408526903 2087117
3052 24
2041568 3076
410614020 2044644
920468 3
412658664 920471
582 16
1416624 598
413579135 1417222
94115 6458
414996357 100573
9256 11
2032055 9267
415096930 2041322
29206 10429
417138252 39635
4308 12
2050190 4320
417177887 2054510
5738 3
302878 5741
419232397 308619
4096 28
158071 4124
419541016 162195
3440 290
302878 3730
419703211 306608
7215 22
3012097 7237
420009819 3019334
919 2
460618 921
423029153 461539
20805 3084
1387422 23889
423490692 1411311
7035 71
537722 7106
424902003 544828
293 13
127341 306
425446831 127647
4578 228
1954950 4806
425574478 1959756
579613 7027
427534234 586640
273 1
509220 274
428120874 509494
3280 35
703027 3315
428630368 706342
1147 58
372486 1205
429336710 373691
438 14
61904 452
429710401 62356
127647 29333
429772757 156980
3932 37
2478480 3969
429929737 2482449
512 2
779765 514
432412186 780279
360 6
155044 366
433192465 155410
1950 9
548434 1959
433347875 550393
509494 1372
433898268 510866
1249 11
136238 1260
434409134 137498
5029 32
392119 5061
434546632 397180
5869 7
2497886 5876
434943812 2503762
482109 325
437447574 482434
7839 152
1506087 7991
437930008 1514078
5741 23
1098916 5764
439444086 1104680
8193 290
510866 8483
440548766 519349
2785 225
332121 3010
441068115 335131
480 8
2044644 488
441403246 2045132
806 2
455474 808
443448378 456282
1344 6
486385 1350
443904660 487735
21750 6877
884022 28627
444392395 912649
1312 30
275377 1342
445305044 276719
10482 6083
2425869 16565
445581763 2442434
2048 25
434424 2073
448024197 436497
20133 6255
986443 26388
448460694 1012831
5032 3
373811 5035
449473525 378846
4425 120
1194398 4545
449852371 1198943
664750 731
451051314 665481
492 5
878284 497
451716795 878781
661 2
110550 663
452595576 111213
1350 14
332121 1364
452706789 333485
10425 757
1264158 11182
453040274 1275340
42978 13283
3019334 56261
454315614 3075595
1893 13
1387422 1906
457391209 1389328
54151 25450
458780537 79601
47 2
100573 49
458860138 100622
2198 11
1076929 2209
458960760 1079138
187767 44517
460039898 232284
19083 2694
986443 21777
460272182 1008220
469045 57966
461280402 527011
5925 30
519349 5955
461807413 525304
1611 7
238326 1618
462332717 239944
1076 62
258599 1138
462572661 259737
1985 16
1250203 2001
462832398 1252204
1017 1
408880 1018
464084602 409898
41780 1107
3019334 42887
464494500 3062221
1076 23
326316 1099
467556721 327415
959 3
948784 962
467884136 949746
2683 4
703027 2687
468833882 705714
130152 554
469539596 130706
5629 74
2279556 5703
469670302 2285259
3315 49
239944 3364
471955561 243308
11740 70
2549438 11810
472198869 2561248
139384 16
474760117 139400
1275684 1249
474899517 1276933
1355849 12617
476176450 1368466
5035 16
1348128 5051
477544916 1353179
4941 5
1296887 4946
478898095 1301833
1395 4
3062221 1399
480199928 3063620
1732746 3209
483263548 1735955
1456611 35320
484999503 1491931
1219192 25283
486491434 1244475
256613 42978
487735909 299591
1296887 353
488035500 1297240
11184 71
1456611 11255
489332740 1467866
17466 457
1884067 17923
490800606 1901990
7537 3
2482449 7540
492702596 2489989
4652 71
397180 4723
495192585 401903
170 4
443994 174
495594488 444168
29001 2662
1692412 31663
496038656 1724075
24735 12265
2597378 37000
497762731 2634378
280 7
1079138 287
500397109 1079425
6173 919
1692412 7092
501476534 1699504
1260 62
944803 1322
503176038 946125
107 1
1031751 108
504122163 1031859
4723 11
621603 4734
505154022 626337
47050 4502
3113280 51552
505780359 3164832
12911 340
1669445 13251
10094535 1682696
508945191 11777231
1147 1
487735 1148
520722422 488883
2426 9
537722 2435
521211305 540157
84617 535
521751462 85152
167 2
948784 169
521836614 948953
158 2
29603 160
522785567 29763
4359 30
1506087 4389
522815330 1510476
20133 3112
2238029 23245
524325806 2261274
3911 8
335561 3919
526587080 339480
597738 77
526926560 597815
480282 78216
527524375 558498
306 1
1178637 307
528082873 1178944
4583 11
2716055 4594
529261817 2720649
457773 29202
531982466 486975
9634 22
532469441 9656
5122 82
841883 5204
532479097 847087
505 2
276719 507
533326184 277226
2006 14
491015 2020
533603410 493035
1491 9
621603 1500
534096445 623103
2465 128
1149795 2593
534719548 1152388
10162 63
1062934 10225
535871936 1073159
4421 37
540157 4458
536945095 544615
861 11
929214 872
537489710 930086
2247 3
1008220 2250
538419796 1010470
678 22
85152 700
539430266 85852
11472 5
884022 11477
539516118 895499
438 12
1054367 450
540411617 1054817
1250 53
76359 1303
541466434 77662
3919 7
397180 3926
541544096 401106
266 5
101706 271
541945202 101977
1664 22
107372 1686
542047179 109058
332 2
862688 334
542156237 863022
2146 25
687884 2171
543019259 690055
228 3
40334 231
543709314 40565
11749 44
812043 11793
543749879 823836
3367 36
594117 3403
544573715 597520
1312 8
173652 1320
545171235 174972
201416 73
545346207 201489
594117 7237
545547696 601354
1694 23
57966 1717
546149050 59683
678905 61365
546208733 740270
12997 135
546949003 13132
10077 6
847087 10083
546962135 857170
402599 4884
547819305 407483
287 1
709735 288
548226788 710023
1104680 186
548936811 1104866
594117 383
6867914 594500
550041677 7462414
5925 120
1168925 6045
557504091 1174970
2716055 3
558679061 2716058
678 1
626337 679
561395119 627016
16737 619
2634378 17356
562022135 2651734
812043 556
564673869 812599
4545 83
469394 4628
565486468 474022
1874 7
329257 1881
565960490 331138
307 5
276719 312
566291628 277031
11949 2
1847456 11951
566568659 1859407
82 16
29001 98
2110021 29099
568428066 2139120
948784 96273
570567186 1045057
2518445 771728
571612243 3290173
4594 1
350850 4595
574902416 355445
2250 51
566441 2301
575257861 568742
61365 554
3290388 61919
575826603 3352307
700 9
1244475 709
579178910 1245184
2361 21
288317 2382
580424094 290699
1337467 771728
580714793 2109195
1744 14
1008220 1758
582823988 1009978
314092 12770
583833966 326862
5961 9
607114 5970
584160828 613084
280 1
288317 281
584773912 288598
244581 5676
585062510 250257
6352 139
1158601 6491
585312767 1165092
5741 73
519349 5814
586477859 525163
1076 13
986443 1089
587003022 987532
18978 507
1121360 19485
587990554 1140845
731 7
335561 738
589131399 336299
847087 1549
589467698 848636
22873 981
2651734 23854
590316334 2675588
21851 556
3804441 22407
592991922 3826848
946 1
217005 947
596818770 217952
467 1
131115 468
597036722 131583
1089 1
591897 1090
597168305 592987
948784 20629
597761292 969413
3052 3
1035906 3055
598730705 1038961
10564 58
1121360 10622
599769666 1131982
2426 6
510866 2432
600901648 513298
7364 160
2446498 7524
601414946 2454022
6749 225
678905 6974
603868968 685879
9488 73
649025 9561
604554847 658586
107372 563
605213433 107935
1138 7
706342 1145
605321368 707487
1174970 71
606028855 1175041
418 2
1194398 420
607203896 1194818
170 1
554321 171
608398714 554492
2127 13
913209 2140
608953206 915349
7168 30
812599 7198
609868555 819797
1797 51
607114 1848
610688352 608962
211 3
302878 214
611297314 303092
1458 73
695484 1531
611600406 697015
154799 21750
612297421 176549
1636 12
167693 1648
612473970 169341
3445 273
550393 3718
612643311 554111
9267 69
753234 9336
613197422 762570
5509 9
513298 5518
613959992 518816
36440 716
3500586 37156
614478808 3537742
509220 360
5363275 509580
618016550 5872855
157223 13955
623889405 171178
3146 6
193170 3152
624060583 196322
8083 273
1062934 8356
624256905 1071290
11749 9
2503762 11758
625328195 2515520
160 1
248488 161
627843715 248649
9584 13
1884067 9597
628092364 1893664
8192 348
724059 8540
629986028 732599
619 7
630718627 626
335561 5
630719253 335566
19083 226
2351208 19309
631054819 2370517
363004 2127
633425336 365131
37000 340
4391242 37340
633790467 4428582
3911 6
1612288 3917
638219049 1616205
23889 507
639835254 24396
716 12
96883 728
639859650 97611
3621 226
357236 3847
639957261 361083
115641 1076
640318344 116717
207301 20024
640435061 227325
863533 74
640662386 863607
5970 1
1279447 5971
641525993 1285418
2337 274
184081 2611
642811411 186692
201838 540
642998103 202378
3932 36
69777 3968
643200481 73745
1848 12
920471 1860
643274226 922331
32101 208
644196557 32309
23365 643
1699504 24008
644228866 1723512
12284 7
412038 12291
645952378 424329
2435 8
1252204 2443
646376707 1254647
13640 69
1901990 13709
647631354 1915699
22873 73
2651734 22946
649547053 2674680
509494 11951
652221733 521445
19485 8
987532 19493
652743178 1007025
397180 1648
653750203 398828
155044 2662
3551693 157706
654149031 3709399
12770 44
1219192 12814
657858430 1232006
20258 334
1616205 20592
659090436 1636797
11526 974
1735955 12500
660727233 1748455
14549 58
662475688 14607
173652 4511
662490295 178163
4594 51
2503762 4645
662668458 2508407
77 1
433100 78
665176865 433178
608962 3932
665610043 612894
7540 135
1306434 7675
666222937 1314109
582 5
50029 587
3826848 50616
667537046 3877464
22946 415
3113280 23361
671414510 3136641
1458 4
703027 1462
674551151 704489
5476 22
1417222 5498
675255640 1422720
38782 799
2139120 39581
676678360 2178701
1057 4
452603 1061
678857061 453664
78 1
362275 79
679310725 362354
101471 157
679673079 101628
1377238 157706
679774707 1534944
52813 205
681309651 53018
10225 47
1389328 10272
681362669 1399600
56 1
216885 57
682762269 216942
4236 49
1158601 4285
682979211 1162886
792792 626
684142097 793418
4545 24
649025 4569
684935515 653594
1123 12
607114 1135
685589109 608249
143801 19130
4111554 162931
686197358 4274485
1260 16
227325 1276
690471843 228601
2382 1
1368466 2383
690700444 1370849
2699 82
574293 2781
692071293 577074
716 9
350850 725
692648367 351575
1881 4
1198943 1885
692999942 1200828
405 6
104171 411
694200770 104582
398828 254610
694305352 653438
1758 77
581927 1835
694958790 583762
966310 680
695542552 966990
1018 35
469394 1053
696509542 470447
183171 14324
696979989 197495
24841 329
2561248 25170
697177484 2586418
2848 62
2023248 2910
699763902 2026158
4806 25
1116131 4831
701790060 1120962
7600 7
3731996 7607
702911022 3739603
161 2
510866 163
706650625 511029
1148 83
1847456 1231
707161654 1848687
725 2
163503 727
709010341 164230
1405 47
1076929 1452
709174571 1078381
7092 191
1456611 7283
710252952 1463894
2161 9
864068 2170
711716846 866238
5887 3
1306434 5890
712583084 1312324
6235 167
219670 6402
713895408 226072
1276 2
299591 1278
714121480 300869
7839 53
290699 7892
714422349 298591
7642 53
724059 7695
714720940 731754
535 1
116848 536
715452694 117384
2337 13
202508 2350
715570078 204858
109206 5970
715774936 115176
182 2
486385 184
715890112 486569
2611 47
1748777 2658
716376681 1751435
456282 808
718128116 457090
939 1
117807 940
2826934 118747
718585206 2945681
14948 383
721530887 15331
4308 9
503545 4317
721546218 507862
171178 252
722054080 171430
2361 2
866238 2363
722225510 868601
628397 28677
723094111 657074
22873 99
723751185 22972
2048 56
601759 2104
723774157 603863
154799 5814
724378020 160613
3440 227
1083281 3667
724538633 1086948
6144 1
2651734 6145
725625581 2657879
6824 107
2351208 6931
728283460 2358139
1148 21
880258 1169
730641599 881427
41961 36958
731523026 78919
1111066 3091
731601945 1114157
256613 29202
732716102 285815
1264158 184
733001917 1264342
139 3
329257 142
734266259 329399
1061 2
566441 1063
734595658 567504
3500586 250144
735163162 3750730
3932 3
139400 3935
4111554 143335
738913892 4254889
18461 344
987532 18805
743168781 1006337
566203 5649
744175118 571852
373691 47282
744746970 420973
1977 1
149319 1978
745167943 151297
969 4
627016 973
745319240 627989
323306 5961
745947229 329267
495755 5955
746276496 501710
3557 107
2651734 3664
746778206 2655398
19045 2
1928932 19047
749433604 1947979
6974 12
2542403 6986
751381583 2549389
3445 82
424808 3527
753930972 428335
3265 49
1279447 3314
754359307 1282761
59998 3445
2720649 63443
755642068 2784092
54151 4578
2720649 58729
758426160 2779378
3364 107
503545 3471
761205538 507016
438 5
233714 443
761712554 234157
1380 7
761946711 1387
178593 66
761948098 178659
525304 4884
762126757 530188
2112 3
392119 2115
762656945 394234
8356 307
1901990 8663
763051179 1910653
731 4
92362 735
764961832 93097
4096 21
1947979 4117
765054929 1952096
58 2
430317 60
767007025 430377
1314109 2785
767437402 1316894
1182499 575
768754296 1183074
115176 11255
769937370 126431
16 1
250144 17
770063801 250161
254610 12
770313962 254622
3364 70
544828 3434
770568584 548262
1569018 1744
771116846 1570762
735 55
1376025 790
772687608 1376815
4831 101
1467866 4932
774064423 1472798
33687 49
4274485 33736
775537221 4308221
1008220 323306
779845442 1331526
2507 63
1289003 2570
781176968 1291573
59998 12284
782468541 72282
208 1
57966 209
782540823 58175
34280 4421
1976089 38701
782598998 2014790
7563 8
884022 7571
784613788 891593
123772 3112
785505381 126884
474022 464
785632265 474486
5555 5
1915699 5560
786106751 1921259
4331 17
219670 4348
788028010 224018
16253 56
2425869 16309
788252028 2442178
162195 6582
790694206 168777
25170 3010
790862983 28180
1353179 101706
790891163 1454885
139400 41780
792346048 181180
3084 3
1859407 3087
792527228 1862494
995 6
1332321 1001
794389722 1333322
2877 12
1183074 2889
795723044 1185963
6582 57
2490125 6639
796909007 2496764
706342 411248
799405771 1117590
878 2
341116 880
800523361 341996
10622 189
895499 10811
800865357 906310
43003 32
801771667 43035
299591 280
801814702 299871
20559 108
3352307 20667
802114573 3372974
507862 18978
805487547 526840
3621 5
915349 3626
806014387 918975
9634 21
1534944 9655
806933362 1544599
981 9
368335 990
808477961 369325
6986 82
1545473 7068
808847286 1552541
87465 5388
810399827 92853
3120 6
351575 3126
810492680 354701
808 9
48650 817
4111554 49467
810847381 4161021
864068 566203
815008402 1430271
470447 1572
816438673 472019
349364 3076
816910692 352440
17923 1001
1862494 18924
817263132 1881418
201489 19083
819144550 220572
10622 405
3268710 11027
819365122 3279737
217952 934
822644859 218886
69777 4932
822863745 74709
2705933 9597
822938454 2715530
732788 201416
825653984 934204
3862 22
1140845 3884
826588188 1144729
802423 420
827732917 802843
2785 23
2014790 2808
828535760 2017598
243533 205
830553358 243738
443994 407483
830797096 851477
457090 351575
831648573 808665
1414 11
1076929 1425
832457238 1078354
348 2
277226 350
833535592 277576
486385 157706
833813168 644091
5217 191
316429 5408
834457259 321837
187534 35847
834779096 223381
248649 100
835002477 248749
1748455 1073159
835251226 2821614
156980 360
838072840 157340
105761 7068
838230180 112829
10564 13
1264342 10577
838343009 1274919
6582 4
724059 6586
839617928 730645
949746 157
840348573 949903
57692 660
841298476 58352
167662 64
4517863 167726
841356828 4685589
2383 1
1570762 2384
846042417 1573146
115641 13132
847615563 128773
4359 21
513298 4380
847744336 517678
261974 582
848262014 262556
290699 3280
848524570 293979
11027 28
1800823 11055
848818549 1811878
629 11
308619 640
850630427 309259
1111066 1694
850939686 1112760
2699 73
2285259 2772
852052446 2288031
259737 872
854340477 260609
12500 66
2110021 12566
854601086 2122587
1978 1
316429 1979
856723673 318408
608249 1934
857042081 610183
29202 366
3440645 29568
857652264 3470213
583762 3919
861122477 587681
37156 1664
861710158 38820
164461 348
861748978 164809
2363 7
1024518 2370
861913787 1026888
28627 98
4004182 28725
862940675 4032907
176549 61904
866973582 238453
2127 2
1093236 2129
867212035 1095365
2032055 2115
868307400 2034170
495755 2161
870341570 497916
1380 4
870839486 1384
540157 5814
870840870 545971
87465 10482
871386841 97947
1479 9
1140845 1488
871484788 1142333
1018440 2432
872627121 1020872
878781 3932
873647993 882713
655 4
333485 659
874530706 334144
799 4
293979 803
874864850 294782
31214 11526
875159632 42740
7675 13
444168 7688
875202372 451856
20592 5
1976089 20597
875654228 1996686
1350 2
112829 1352
877650914 114181
23889 14787
877765095 38676
1083281 428335
877803771 1511616
1974 1
2351208 1975
879315387 2353183
3884 17
1185963 3901
881668570 1189864
4133 16
87465 4149
882858434 91614
921 4
363004 925
882950048 363929
2443 7
424808 2450
883313977 427258
657074 13251
883741235 670325
420 2
160613 422
884411560 161035
3470213 2129
884572595 3472342
31214 101
888044937 31315
819797 493035
888076252 1312832
1636 8
1562009 1644
889389084 1563653
1007 5
1514259 1012
890952737 1515271
308619 24
892468008 308643
5560 64
895499 5624
892776651 901123
8193 582
1264342 8775
893677774 1273117
1024 25
428335 1049
894950891 429384
2611 25
357236 2636
895380275 359872
188555 2
895740147 188557
1893 11
369325 1904
895928704 371229
1531 4
137498 1535
896299933 139033
32309 70
2139120 32379
896438966 2171499
1425 1
587681 1426
898610465 589107
6235 8
825670 6243
899199572 831913
403405 5408
900031485 408813
7543 3
1800823 7546
900440298 1808369
9256 106
2561248 9362
902248667 2570610
7906 16
1062934 7922
904819277 1070856
17466 716
2178701 18182
905890133 2196883
2465 9
444168 2474
908087016 446642
1158601 731
908533658 1159332
6173 9
1659861 6182
909692990 1666043
1205 11
4004182 1216
911359033 4005398
740270 69492
915364431 809762
4569 8
740270 4577
916174193 744847
356 1
901123 357
916919040 901480
1297240 3884
917820520 1301124
1467866 49905
919121644 1517771
4458 13
1996686 4471
920639415 2001157
7068 76
1669445 7144
922640572 1676589
7283 2
1389328 7285
924317161 1396613
949903 210209
925713774 1160112
5433 6
2110021 5439
926873886 2115460
744 12
1396613 756
928989346 1397369
171654 2443
930386715 174097
2073 17
559125 2090
930560812 561215
110550 3626
931122027 114176
214 5
1893664 219
931236203 1893883
1676589 591897
933130086 2268486
157223 40672
935398572 197895
27897 260
935596467 28157
484379 2384
935624624 486763
6689 5
2034170 6694
936111387 2040864
12197 459
969413 12656
938152251 982069
8483 56
3075595 8539
939134320 3084134
31132 24
942218454 31156
1758 12
476892 1770
942249610 478662
6243 9
1800823 6252
942728272 1807075
16737 322
944535347 17059
1577915 361083
944552406 1938998
834 13
184081 847
946491404 184928
2161 36
394234 2197
946676332 396431
1098916 6222
947072763 1105138
3055 12
1297240 3067
948177901 1300307
2910 13
1348128 2923
949478208 1351051
322 2
646864 324
950829259 647188
2350741 51
951476447 2350792
191 4
2826934 195
953827239 2827129
851477 2363
956654368 853840
83 3
55989 86
2827129 56075
957508208 2883204
756 32
568742 788
960391412 569530
5080 101
868601 5181
960960942 873782
664 7
678905 671
961834724 679576
11090 35
2549438 11125
962514300 2560563
5887 23
1676589 5910
965074863 1682499
7198 57
987532 7255
966757362 994787
13337 174
3290388 13511
967752149 3303899
250257 11
971056048 250268
1111066 601759
971306316 1712825
880 17
540157 897
973019141 541054
1399600 342603
973560195 1742203
9267 9242
2196883 18509
975302398 2215392
136238 6694
977517790 142932
601759 25170
977660722 626929
21851 554
1777454 22405
978287651 1799859
235607 20597
980087510 256204
6045 5
1264342 6050
980343714 1270392
167662 3055
981614106 170717
263855 735
981784823 264590
1442 3
288598 1445
982049413 290043
20133 71
982339456 20204
307 3
1472798 310
982359660 1473108
1252204 21
983832768 1252225
1198943 14143
985084993 1213086
1387 4
1024518 1391
986298079 1025909
459 4
94115 463
987323988 94578
452603 1276
987418566 453879
987872445 85152
555657 224
987957597 555881
7892 64
780279 7956
988513478 788235
102763 1261
989301713 104024
5217 22
1517771 5239
989405737 1523010
331138 505
990928747 331643
78919 9157
991260390 88076
1797 22
152471 1819
991348466 154290
217952 130152
991502756 348104
61904 58
991850860 61962
657074 405
991912822 657479
1140845 6402
992570301 1147247
806 1
294782 807
993717548 295589
1050049 187534
994013137 1237583
1397369 1007
995250720 1398376
6639 49
996649096 6688
4124 3
1506087 4127
996655784 1510214
492 2
823836 494
998165998 824330
